latitude longitude
14.479 -79.135
12.263 -68.168
17.763 -75.662
17.706 -75.648
17.722 -75.634
11.335 -74.224
11.953 -70.28
13.327 -70.23
17.711 -75.629
17.383 -75.335
11.086 -74.468
11.081 -74.443
17.034 -69.089
13.307 -71.523
12.202 -68.333
12.148 -68.265
13.229 -68.241
16.447 -67.51
18.6 -64.14
18.606 -64.087
14.802 -77.543
16.099 -80.377
13.927 -73.038
17.516 -75.85
16.285 -80.036
17.872 -74.981
17.71 -75.637
16.154 -74.137
16.154 -74.137
13.124 -70.201
11.205 -74.545
13.736 -71.057
13.221 -70.653
11.06 -74.453
13.497 -72.417
13.346 -69.833
20.079 -68.779
12.155 -68.317
12.168 -68.316
12.146 -68.228
12.161 -68.291
12.161 -68.291
15.519 -67.431
11.764 -66.828
18.613 -64.133
11.832 -66.708
14.007 -66.161
18.587 -64.16
16.089 -80.95
16.12 -80.484
17.897 -70.452
17.854 -75.642
16.058 -80.589
17.697 -75.707
16.339 -80.037
18.221 -75.189
18.221 -75.189
14.541 -74.895
14.847 -77.871
17.727 -75.637
17.704 -75.511
13.472 -70.607
11.984 -70.35
12.641 -70.346
11.058 -74.468
11.053 -74.451
15.03 -78.551
15.347 -79.26
17.78 -75.622
17.732 -75.567
17.131 -70.82
11.752 -73.137
13.685 -68.962
13.685 -68.962
13.211 -68.27
12.18 -68.247
11.827 -66.752
18.58 -64.181
16.085 -80.438
15.971 -80.03
15.734 -67.514
16.215 -81.217
17.735 -75.66
17.733 -75.648
17.705 -75.646
17.833 -75.113
17.906 -75.049
17.702 -75.543
12.482 -68.97
11.757 -73.059
19.235 -68.913
12.23 -68.404
18.624 -64.126
11.702 -66.782
18.586 -64.319
13.336 -71.881
17.769 -75.645
17.703 -75.642
17.686 -75.811
17.722 -75.742
17.644 -75.669
16.562 -80.177
14.887 -75.158
14.82 -77.899
11.265 -74.68
11.093 -74.424
11.08 -74.388
15.836 -73.937
12.315 -70.058
16.297 -69.449
12.038 -68.764
12.15 -68.328
11.682 -67.124
15.989 -79.932
14.565 -74.444
16.08 -80.485
17.012 -69.884
15.567 -76.628
15.478 -80.994
17.653 -76.082
17.752 -75.704
17.708 -75.677
15.517 -79.825
15.894 -79.707
16.319 -74.191
16.14 -74.121
16.14 -74.121
14.784 -74.061
12.248 -69.586
16.115 -69.371
17.154 -68.575
12.182 -68.288
12.162 -68.334
12.17 -68.329
12.158 -68.327
12.167 -68.304
17.584 -66.996
13.575 -65.79
18.523 -64.365
18.552 -64.213
18.715 -63.881
16.078 -80.471
16 -79.954
15.465 -76.065
16.126 -80.406
13.88 -73.05
17.716 -75.654
14.325 -76.523
14.616 -76.646
17.745 -75.634
11.954 -70.285
17.847 -75.338
11.139 -74.453
11.087 -74.438
11.094 -74.434
13.809 -67.495
18.633 -64.198
18.544 -64.185
17.637 -75.829
16.013 -79.878
12.178 -68.295
13.508 -72.19
17.716 -75.647
17.684 -75.676
14.764 -79.024
15.015 -78.379
14.833 -77.961
17.717 -75.622
17.7 -75.574
14.805 -71.149
17.822 -71.115
17.402 -70.405
11.088 -74.494
11.1 -74.462
12.052 -68.997
15.763 -73.797
12.3 -72.269
12.257 -72.203
14.778 -69.554
20.14 -68.873
12.203 -68.266
20.112 -68.891
13.957 -64.982
18.657 -64.286
15.983 -79.919
17.743 -75.652
17.725 -75.644
17.728 -75.841
17.703 -75.593
17.661 -75.569
17.469 -70.887
13.708 -74.422
12.07 -68.889
12.158 -68.249
11.395 -67.846
10.955 -67.377
13.307 -65.757
15.371 -77.334
17.741 -75.665
17.691 -75.643
17.822 -76.105
17.692 -76.03
16.116 -80.408
14.793 -80.04
16.004 -80.065
14.156 -70.619
12.171 -68.289
12.17 -68.308
12.122 -68.28
12.22 -68.061
13.969 -67.998
18.602 -64.136
15.419 -81.019
14.835 -73.714
14.291 -73.6
15.41 -80.937
11.25 -74.995
17.698 -75.631
17.311 -70.306
17.709 -75.626
17.72 -75.611
17.682 -75.609
17.694 -75.502
11.071 -74.519
11.083 -74.449
14.785 -74.07
14.702 -69.43
12.166 -68.323
16.766 -67.55
10.961 -67.379
11.818 -66.771
12.311 -68.727
17.704 -75.673
17.735 -75.671
14.755 -77.197
11.966 -70.284
17.735 -75.611
18.396 -74.586
14.879 -73.249
12.421 -69.441
13.324 -68.816
13.324 -68.816
13.324 -68.816
13.004 -68.271
12.162 -68.131
10.996 -65.896
12.974 -65.647
11.844 -66.753
18.553 -64.005
16.088 -80.498
16.1 -80.472
14.856 -73.801
16.083 -80.487
12.169 -68.308
11.114 -74.388
16.067 -80.453
16.55 -81.501
17.781 -75.655
17.706 -75.65
17.704 -75.644
17.494 -75.761
17.705 -75.695
16.572 -80.106
18.137 -75.205
18.137 -75.205
16.049 -79.451
14.876 -77.967
17.724 -75.634
11.228 -74.268
16.934 -70.258
16.428 -70.634
11.023 -74.362
11.061 -74.314
20.128 -69.016
12.15 -68.359
12.136 -68.345
12.174 -68.294
13.694 -68.104
15.861 -67.556
11.19 -65.679
11.862 -66.701
19.026 -66.336
13.987 -66.005
14.167 -75.764
12.166 -68.299
15.989 -79.926
12.221 -68.09
17.702 -75.641
15.563 -79.132
17.731 -75.627
17.739 -75.583
11.07 -74.508
13.1 -69.86
13.059 -69.261
12.315 -69.169
15.691 -69.114
15.691 -69.114
15.691 -69.114
13.451 -68.656
12.189 -68.344
12.145 -68.303
12.987 -68.252
15.364 -67.518
15.748 -67.419
13.499 -65.677
13.409 -65.029
12.542 -69.842
17.684 -75.653
17.706 -75.65
17.737 -75.543
13.497 -73.345
13.793 -73.274
17.22 -70.143
12.17 -69.407
13.508 -68.685
12.225 -68.402
12.166 -68.322
10.887 -66.978
12.181 -68.26
16.044 -80.457
13.865 -67.174
16.102 -80.524
16.014 -79.957
15.569 -76.371
12.183 -68.293
16.154 -80.511
17.736 -75.658
17.687 -75.685
12.932 -71.169
12.018 -68.163
11.768 -66.879
13.499 -65.794
14.067 -66.457
12.221 -68.278
18.317 -64.571
13.54 -73.805
12.236 -68.375
12.15 -68.49
16.433 -81.572
17.709 -75.812
17.71 -75.637
12.358 -71.125
11.058 -74.443
15.726 -73.748
12.338 -69.81
18.39 -69.171
12.177 -68.335
12.167 -68.309
12.154 -68.277
12.149 -68.256
12.167 -68.325
13.768 -64.992
18.569 -63.921
16.081 -80.501
15.002 -75.806
16.514 -70.793
13.325 -70.771
17.775 -70.635
13.32 -70.371
11.084 -74.54
11.088 -74.45
11.079 -74.374
11.072 -74.34
17.319 -73.979
17.319 -73.979
17.922 -73.868
17.922 -73.868
12.492 -69.061
18.335 -69.734
19.359 -68.735
12.128 -68.572
12.216 -68.292
12.177 -68.284
17.544 -75.935
16.235 -79.951
17.616 -75.633
17.709 -75.594
17.651 -75.536
14.678 -71.195
14.678 -71.195
11.124 -74.514
11.127 -74.441
13.331 -71.674
12.434 -68.582
12.324 -68.403
12.146 -68.372
12.165 -68.274
12.119 -68.139
11.433 -67.968
13.342 -66.226
18.428 -63.989
15.672 -81.097
15.211 -69.775
15.1 -77.705
15.433 -81.05
17.706 -75.644
11.295 -74.291
11.95 -70.283
17.4 -70.166
17.716 -75.598
15.342 -71.312
15.342 -71.312
16.561 -70.801
11.937 -70.481
11.074 -74.491
11.041 -74.4
15.597 -73.028
12.427 -69.398
12.162 -68.289
12.28 -68.413
12.198 -68.395
17.338 -68.098
11.31 -67.643
18.571 -64.122
18.267 -64.929
18.593 -64.212
18.578 -64.064
16.02 -80.6
16.075 -80.479
15.203 -78.99
15.994 -79.956
11.038 -74.328
15.467 -80.989
10.793 -75.757
17.565 -75.706
16.569 -80.107
14.813 -77.429
17.694 -75.633
16.18 -74.128
16.18 -74.128
15.005 -75.621
17.764 -75.551
17.67 -75.53
17.726 -75.492
17.712 -75.644
11.092 -74.568
17.773 -70.98
16.466 -70.603
18.303 -74.509
11.159 -74.483
11.133 -74.433
20.138 -68.969
13.802 -73.175
20.15 -68.856
20.109 -68.847
12.068 -68.357
12.185 -68.281
12.128 -68.202
16.651 -67.555
13.867 -65.981
13.693 -65.035
16.196 -80.641
12.2 -68.324
15.435 -80.966
17.687 -75.641
14.965 -78.409
17.761 -75.623
17.657 -75.541
13.504 -74.526
11.096 -74.48
11.135 -74.469
11.112 -74.33
11.773 -73.002
11.787 -72.87
12.46 -68.826
12.201 -68.248
13.558 -65.826
11.834 -66.627
11.841 -66.538
12.164 -69.407
11.927 -65.355
18.48 -64.33
14.811 -74.026
16.038 -79.946
12.171 -68.327
16.081 -80.49
12.168 -68.296
17.707 -75.645
17.638 -75.96
16.762 -74.218
16.895 -74.21
17.723 -75.621
17.618 -75.453
16.95 -70.74
16.95 -70.74
13.581 -70.554
17.411 -70.391
20.12 -68.829
12.343 -68.369
12.164 -68.298
12.124 -68.285
13.693 -65.914
11.845 -66.755
11.84 -66.738
13.948 -66.694
17.871 -66.471
17.448 -76.114
18.33 -64.58
18.318 -64.551
16.094 -80.563
12.384 -68.816
13.738 -70.843
17.711 -75.643
17.729 -75.691
17.667 -75.676
17.501 -75.119
14.918 -78.423
14.775 -77.276
17.294 -76.487
13.688 -74.11
18.386 -74.823
12.639 -71.073
17.502 -70.915
12.145 -72.303
13.546 -72.252
16.19 -69.383
15.123 -68.945
12.033 -68.771
11.827 -68.287
12.086 -68.356
12.163 -68.344
12.163 -68.294
15.185 -67.606
10.887 -66.984
13.924 -66.764
14.793 -66.71
14.006 -66.161
18.297 -64.638
18.436 -64.382
15.923 -79.977
14.421 -79.268
17.609 -75.721
15.597 -80.039
17.789 -75.606
11.123 -74.432
13.582 -68.926
12.669 -68.546
12.163 -68.406
12.159 -68.324
12.164 -68.296
10.908 -67.178
11.833 -66.725
12.415 -69.473
18.678 -64.037
13.582 -68.926
16.177 -80.735
13.478 -72.221
14.934 -76.086
14.313 -76.08
17.711 -75.868
18.19 -75.219
14.042 -74.893
15.496 -79.81
13.327 -70.31
17.78 -75.559
11.091 -74.367
20.163 -68.964
13.733 -72.705
14.762 -72.762
12.837 -69.797
18.407 -69.752
18.407 -69.752
18.389 -69.498
12.475 -68.815
12.166 -68.335
12.166 -68.335
12.166 -68.335
12.158 -68.299
14.232 -66.969
13.72 -65.929
14.418 -65.779
11.835 -66.745
13.97 -64.994
12.174 -68.175
11.943 -70.275
17.693 -75.596
17.802 -75.475
17.594 -75.368
11.225 -74.627
14.1 -70.599
19.613 -68.949
12.18 -68.351
12.167 -68.332
12.206 -68.329
12.164 -68.319
12.164 -68.319
12.164 -68.319
12.167 -68.316
12.216 -68.226
12.158 -68.266
11.445 -68.02
13.566 -65.844
18.621 -64.119
13.752 -68.07
18.626 -64.42
18.588 -64.166
15.433 -81.021
17.711 -75.664
16.118 -82.735
17.63 -75.551
15.327 -71.39
14.617 -70.579
14.617 -70.579
11.056 -74.503
11.092 -74.484
12.81 -69.136
20.08 -68.773
12.143 -68.314
12.143 -68.314
12.143 -68.314
12.124 -68.282
14.335 -67.988
14.878 -67.82
12.241 -67.767
13.507 -65.901
18.095 -65.617
11.875 -66.601
11.808 -66.55
11.503 -66.302
18.615 -64.214
16.085 -80.492
14.562 -74
17.732 -75.651
17.702 -75.64
17.727 -75.67
15.606 -83.849
16.301 -74.196
17.719 -75.622
18.568 -64.143
18.606 -64.094
11.668 -73.182
18.335 -69.734
12.129 -68.536
18.288 -64.635
17.713 -75.65
17.714 -75.688
14.966 -75.294
14.99 -78.477
14.715 -77.145
17.693 -75.637
17.705 -75.631
17.741 -75.591
17.731 -75.453
11.06 -74.486
11.043 -74.385
13.097 -69.068
11.627 -73.152
13.684 -73.037
13.497 -72.501
14.621 -72.476
15.827 -70.126
14.897 -69.586
12.125 -68.309
12.158 -68.306
12.17 -68.297
15.491 -67.45
11.83 -66.714
14.875 -73.853
12.838 -69.612
15.224 -79.033
12.168 -68.301
15.433 -81.005
17.71 -75.641
15.704 -79.207
11.949 -70.291
17.701 -75.63
17.707 -75.587
12.9 -71.105
13.694 -70.874
13.963 -70.537
11.062 -74.455
11.086 -74.435
15.822 -69.935
15.822 -69.935
12.995 -69.564
15.447 -68.958
12.17 -68.34
12.169 -68.307
13.545 -65.839
11.829 -66.703
18.634 -64.245
15.462 -81.126
17.665 -75.773
17.631 -75.75
14.816 -77.945
17.723 -75.61
17.701 -75.609
11.294 -74.301
13.234 -69.562
12.565 -69.478
14.979 -68.866
12.011 -68.384
12.245 -68.307
12.098 -68.303
12.168 -68.272
13.434 -67.464
11.218 -65.725
18.605 -64.143
13.949 -64.974
16.101 -80.663
17.71 -75.662
14.835 -73.754
14.233 -73.51
16.061 -80.444
15.448 -81.264
17.492 -76.404
17.69 -75.684
17.681 -75.675
17.669 -75.62
11.948 -70.36
11.141 -74.422
11.076 -74.385
17.929 -73.891
13.736 -73.471
14.716 -72.661
15.597 -70.002
13.074 -68.814
12.081 -68.449
12.156 -68.296
12.168 -68.295
13.551 -68.199
18.634 -64.098
12.19 -68.307
17.655 -75.7
15.044 -78.602
14.532 -70.752
11.064 -74.385
14.306 -69.045
14.493 -69.039
15.86 -70.133
15.86 -70.133
13.224 -70.261
17.314 -70.074
13.006 -69.98
19.803 -68.766
12.55 -68.404
12.628 -68.234
11.814 -66.713
11.815 -66.698
16.075 -80.451
17.738 -75.621
17.341 -70.663
11.129 -74.477
12.492 -69.759
12.04 -68.87
13.294 -68.801
12.164 -68.285
17.729 -66.954
14.365 -65.903
18.725 -64.128
11.813 -66.649
18.596 -64.232
18.593 -64.156
15.992 -79.98
15.445 -76.058
14.851 -73.958
16.064 -80.485
12.167 -68.299
18.588 -64.166
18.99 -81.462
17.732 -75.659
17.666 -75.954
17.717 -75.775
17.878 -75.296
14.973 -75.286
17.884 -74.98
14.804 -77.738
17.739 -75.621
17.751 -75.599
14.799 -71.146
17.824 -70.933
11.062 -74.466
14.102 -74.428
11.074 -74.42
13.799 -73.856
13.799 -73.856
13.476 -73.268
13.362 -69.853
13.078 -69.245
12.168 -68.291
12.117 -68.28
14.035 -67.994
11.199 -67.584
14.072 -65.745
11.812 -66.706
11.846 -66.7
14.287 -65.228
18.628 -64.057
16.115 -80.495
12.172 -68.289
17.707 -75.701
14.921 -78.343
14.899 -78.196
11.95 -70.28
17.701 -75.628
17.747 -75.598
12.623 -70.566
11.972 -70.554
11.087 -74.469
11.102 -74.454
15.598 -72.209
17.385 -70.145
16.44 -69.505
19.771 -68.821
12.161 -68.442
12.216 -68.411
12.161 -68.319
12.126 -68.314
12.108 -68.263
17.506 -68.067
17.506 -68.067
16.415 -67.506
13.851 -65.95
11.818 -66.681
11.953 -65.187
17.712 -75.653
17.731 -75.649
14.586 -79.712
15.194 -79.055
16.473 -70.223
16.473 -70.223
17.705 -75.608
17.691 -75.521
17.713 -75.496
17.873 -75.349
11.931 -70.405
15.413 -69.036
15.708 -73.66
15.708 -73.66
12.839 -69.177
19.674 -68.903
12.136 -68.314
12.188 -68.28
12.186 -68.272
16.902 -67.541
18.672 -64.148
10.911 -66.332
10.932 -66.174
18.564 -64.463
18.435 -64.405
16.017 -80.566
12.527 -68.916
14.935 -78.192
15.221 -79.022
17.71 -75.639
12.179 -68.304
15.34 -75.608
16.08 -81.001
15.448 -80.88
17.695 -75.653
14.27 -75.889
17.77 -75.735
15.904 -79.838
11.148 -74.259
18.344 -74.688
14.227 -71.438
11.142 -74.451
11.108 -74.441
15.699 -73.695
15.699 -73.695
15.589 -72.632
13.103 -72.555
11.953 -72.437
13.201 -71.601
19.998 -69.298
12.038 -68.281
13.385 -68.118
11.926 -68.105
13.702 -65.924
18.596 -64.081
11.741 -66.77
18.679 -64.225
15.994 -79.94
14.602 -72.45
13.818 -72.833
15.42 -81.038
14.317 -76.454
17.76 -75.775
17.711 -75.699
14.879 -78.026
13.563 -65.85
12.289 -72.196
12.332 -71.994
12.354 -69.841
13.655 -67.823
15.221 -67.545
11.175 -65.701
18.525 -64.094
16.721 -70.341
14.114 -65.122
12.155 -68.236
15.254 -77.461
12.163 -68.297
17.716 -75.658
17.71 -75.669
11.938 -70.279
17.779 -75.444
17.779 -75.444
17.256 -70.877
16.828 -70.77
16.828 -70.77
14.396 -71.725
20.048 -68.942
13.01 -68.685
12.186 -68.372
12.138 -68.23
12.194 -68.3
12.103 -68.298
11.946 -68.274
11.799 -66.79
13.996 -66.163
16.088 -80.452
12.498 -67.871
16.06 -81.01
17.529 -76.377
15.101 -78.82
11.36 -74.038
16.22 -70.303
11.959 -70.297
16.819 -70.272
17.687 -75.625
17.742 -75.617
17.74 -75.575
17.781 -75.437
17.947 -71.096
16.536 -69.603
12.364 -68.485
12.163 -68.32
12.135 -68.314
11.343 -74.127
16.777 -70.279
17.697 -75.501
17.811 -70.927
13.938 -70.507
11.066 -74.498
11.063 -74.482
11.092 -74.452
11.012 -74.318
12.176 -68.339
12.161 -68.235
18.57 -64.14
13.97 -64.986
16.107 -80.581
18.359 -75.95
15.972 -80.309
17.69 -75.659
17.665 -75.646
17.694 -75.687
13.132 -70.278
17.731 -75.617
11.851 -70.406
13.793 -73.128
12.328 -69.956
12.253 -69.64
12.043 -68.831
12.707 -68.71
12.173 -68.291
11.83 -66.708
18.599 -64.172
15.147 -78.839
16.082 -80.494
16.019 -80.848
17.708 -75.656
17.683 -75.781
17.737 -75.708
17.709 -75.69
14.528 -74.917
18.531 -76.695
12.747 -70.795
11.115 -74.462
11.072 -74.456
12.264 -72.15
14.766 -69.507
20.096 -68.804
12.114 -68.316
12.144 -68.297
12.11 -68.254
11.839 -66.738
17.864 -66.646
18.596 -64.16
16.114 -80.548
16.078 -80.475
16.096 -80.474
15.424 -80.96
17.706 -75.64
14.349 -76.037
17.662 -75.908
17.703 -75.822
16.978 -70.267
17.708 -75.619
17.84 -75.426
13.843 -71.095
11.086 -74.509
15.519 -69.093
14.575 -69.09
12.199 -72.269
12.4 -69.563
13.213 -69.521
12.246 -68.582
12.162 -68.314
12.168 -68.308
12.177 -68.304
10.91 -67.162
11.8 -66.725
14.256 -73.549
15.445 -80.89
15.605 -81.02
16.585 -81.58
17.684 -75.669
18.069 -75.29
11.207 -74.291
16.811 -74.213
17.795 -70.935
17.742 -70.621
10.933 -74.353
12.278 -72.265
17.013 -69.59
20.207 -69.153
12.166 -68.384
12.172 -68.307
12.109 -68.298
12.188 -68.291
10.88 -66.582
18.762 -63.382
14.759 -74.049
12.077 -68.584
15.993 -79.926
17.752 -75.722
12.72 -70.549
18.309 -74.534
18.309 -74.534
11.111 -74.452
13.781 -73.557
12.64 -71.065
11.043 -74.445
13.761 -73.404
17.416 -69.795
12.154 -68.317
12.156 -68.281
14.234 -66.968
11.886 -66.753
11.823 -66.651
10.878 -66.59
12.636 -69.124
12.139 -68.365
16.056 -81.006
11.811 -66.723
15.871 -80.855
12.921 -69.713
15.394 -80.902
17.707 -75.837
14.558 -76.524
11.251 -74.219
17.738 -75.616
17.673 -75.522
17.712 -75.512
14.406 -74.781
17.452 -70.894
13.468 -72.863
15.589 -72.764
15.589 -72.764
13.466 -72.059
14.206 -69.143
20.056 -68.815
13.527 -68.697
12.132 -68.576
12.113 -68.289
12.169 -68.305
12.167 -68.302
12.159 -68.296
13.857 -67.049
18.302 -64.575
12.277 -68.123
15.473 -81.014
17.738 -75.655
17.709 -75.578
17.715 -75.557
13.448 -71.355
11.078 -74.461
11.062 -74.444
11.127 -74.418
12.84 -69.084
17.126 -70.124
15.216 -68.893
12.174 -68.299
12.172 -68.299
14.939 -67.794
18.597 -64.142
18.645 -64.104
18.196 -65.097
13.968 -64.988
18.561 -64.274
18.56 -64.199
16.08 -80.485
15.965 -79.938
16.183 -70.295
12.292 -68.942
12.17 -68.304
17.72 -75.64
17.704 -75.608
17.69 -75.544
17.704 -75.481
17.846 -70.957
11.101 -74.466
15.726 -73.747
13.577 -73.639
15.448 -71.429
15.448 -71.429
16.923 -69.862
15.744 -69.145
15.744 -69.145
12.504 -68.628
12.166 -68.308
12.164 -68.296
11.148 -67.539
11.505 -67.462
11.443 -67.028
13.595 -65.844
18.603 -64.135
15.744 -69.145
12.239 -68.487
17.713 -75.662
14.935 -75.281
14.773 -75.06
16.839 -70.196
17.736 -75.595
17.643 -75.463
11.177 -74.468
12.18 -69.036
13.227 -70.116
15.772 -69.138
15.772 -69.138
15.772 -69.138
12.206 -68.416
12.174 -68.328
12.07 -68.211
13.868 -67.177
18.612 -64.211
14.996 -78.319
12.154 -68.29
15.556 -76.657
15.992 -80.987
16.338 -80.416
17.719 -75.654
17.704 -75.64
15.349 -79.292
16.233 -74.151
17.727 -75.626
17.048 -70.773
17.048 -70.773
13.653 -70.56
13.185 -70.481
12.638 -70.337
11.069 -74.39
12.156 -68.289
12.168 -68.302
12.168 -68.313
12.172 -68.312
12.145 -68.293
11.87 -67.859
17.807 -66.683
12.164 -68.278
18.641 -64.03
16.08 -80.481
15.984 -79.907
15.994 -80.925
17.787 -75.815
17.717 -75.794
17.63 -75.75
17.665 -75.689
14.898 -78.227
17.958 -75.374
13.702 -73.181
14.382 -71.765
13.069 -69.308
12.478 -68.892
12.131 -68.334
12.185 -68.306
12.167 -68.3
14.355 -65.914
18.608 -64.131
11.83 -66.711
17.873 -66.435
18.615 -64.192
16.093 -80.515
15.185 -78.939
15.675 -76.492
17.696 -75.645
17.726 -75.801
17.667 -75.638
17.848 -70.984
11.092 -74.462
13.545 -73.584
12.086 -68.742
12.206 -68.344
12.181 -68.306
12.166 -68.303
13.563 -65.774
11.824 -66.723
10.91 -66.332
16.01 -79.953
15.906 -80.926
17.676 -75.772
17.665 -75.697
14.766 -79.991
14.551 -77.007
11.09 -74.577
13.277 -70.349
12.898 -69.864
12.22 -68.443
12.155 -68.433
12.174 -68.314
12.173 -68.298
12.093 -68.296
12.161 -68.295
12.211 -68.244
13.695 -68.086
15.158 -66.638
17.875 -66.19
16.271 -65.261
18.328 -64.468
18.613 -64.175
16.099 -80.539
17.727 -75.765
12.902 -70.77
16.085 -80.494
12.175 -68.321
17.746 -75.64
17.642 -75.702
17.686 -75.625
17.705 -75.561
17.638 -75.56
17.804 -75.493
17.754 -75.474
17.966 -71.111
12.623 -71.106
11.092 -74.454
17.802 -74.028
15.55 -71.802
15.55 -71.802
13.719 -68.894
13.719 -68.894
12.13 -68.393
12.097 -68.27
12.16 -68.24
17.989 -65.86
11.847 -66.675
18.574 -64.196
18.613 -64.163
14.245 -76.002
17.738 -75.699
16.413 -80.049
17.595 -75.596
14.998 -75.474
12.95 -69.915
13.563 -68.905
13.563 -68.905
19.203 -68.848
12.145 -68.357
12.142 -68.317
12.161 -68.308
11.369 -66.945
13.878 -68.019
18.581 -64.145
11.83 -66.699
11.973 -70.344
15.01 -75.764
17.382 -68.08
11.817 -66.728
11.821 -66.663
18.677 -63.886
17.709 -75.631
12.18 -68.279
16.381 -81.343
17.742 -75.64
17.765 -75.796
17.628 -75.731
17.788 -75.683
15.104 -78.701
17.723 -75.636
17.751 -75.615
11.078 -74.508
11.076 -74.492
11.111 -74.475
11.04 -74.314
17.645 -75.736
17.637 -75.702
17.704 -75.669
16.428 -80.073
14.966 -78.462
16.781 -74.215
16.943 -70.261
17.803 -75.516
17.697 -71.04
15.033 -71.025
12.312 -69.874
12.175 -68.314
12.138 -68.209
12.126 -68.208
14.94 -67.811
11.92 -66.83
11.313 -66.749
11.831 -66.71
13.108 -69.224
12.167 -68.3
17.698 -75.652
17.725 -75.64
17.601 -75.825
17.743 -75.612
17.819 -75.603
11.104 -74.445
13.828 -72.559
12.341 -71.999
13.048 -69.679
12.407 -69.283
15.111 -68.926
12.192 -68.361
12.201 -68.334
12.172 -68.31
12.156 -68.242
12.186 -68.203
17.897 -68.07
13.563 -65.815
18.604 -64.143
18.503 -64.117
13.596 -65.864
18.639 -64.194
18.598 -64.067
17.689 -75.532
12.15 -68.387
15.88 -81.248
17.699 -75.649
17.653 -75.892
17.695 -75.746
14.811 -77.383
17.737 -75.62
17.716 -75.545
13.514 -74.823
11.939 -70.327
13.711 -73.318
13.351 -70.12
16.927 -69.895
15.784 -69.238
15.784 -69.238
15.784 -69.238
20.113 -68.816
11.425 -67.928
13.182 -65.794
13.513 -66.026
13.91 -66.003
14.568 -74.425
16.005 -80.019
12.244 -68.427
17.74 -75.652
17.64 -75.696
11.949 -70.282
11.069 -74.376
15.626 -73.301
13.645 -72.409
12.498 -71.516
13.058 -69.774
12.436 -69.361
13.085 -69.247
12.162 -68.289
12.158 -68.351
12.168 -68.306
17.373 -68.102
11.761 -67.942
12.414 -67.667
13.539 -65.766
18.732 -64.073
11.826 -66.692
18.381 -64.459
15.993 -79.931
16.09 -80.687
17.705 -75.643
17.714 -75.689
15.288 -79.46
17.692 -75.564
17.778 -75.473
12.269 -70.724
11.083 -74.45
12.206 -69.08
14.415 -69.038
11.399 -73.327
13.384 -68.78
11.806 -68.301
12.098 -68.279
12.04 -68.276
18.132 -67.985
11.433 -67.97
14.857 -67.835
15.692 -67.446
11.843 -66.655
13.602 -65.042
18.525 -64.377
18.587 -64.16
18.644 -64.156
16.084 -80.481
12.223 -68.46
15.992 -79.956
15.981 -79.974
14.388 -79.289
12.098 -68.462
17.699 -75.658
14.294 -75.937
17.813 -75.903
17.489 -75.831
17.763 -75.734
17.684 -75.694
17.666 -75.669
16.074 -80.085
12.14 -68.294
12.183 -68.273
16.819 -70.272
18.527 -65.036
18.591 -64.154
18.65 -64.034
16.072 -80.481
11.098 -74.466
16.022 -80.672
16.071 -80.51
15.443 -81
16.039 -81.216
17.674 -75.963
15.007 -75.728
17.662 -75.646
17.684 -75.64
14.907 -76.22
17.649 -75.72
17.716 -75.687
17.863 -75.685
17.669 -75.682
11.063 -74.568
14.41 -70.918
11.86 -70.66
11.786 -72.783
13.241 -71.678
12.963 -68.597
12.173 -68.298
12.171 -68.268
16.178 -67.523
18.596 -64.147
13.712 -64.963
12.723 -70.462
15.762 -80.198
17.711 -75.667
17.695 -75.642
17.952 -76.08
17.765 -75.731
16.275 -74.189
14.747 -71.14
18.22 -71.032
15.468 -71.557
17.567 -70.117
12.4 -69.565
18.076 -68.761
12.136 -68.287
18.577 -64.097
18.587 -64.17
18.875 -63.971
16.008 -80.943
16.066 -80.479
11.045 -74.444
16.451 -81.598
15.383 -80.805
17.697 -75.998
17.716 -75.572
17.99 -75.324
14.203 -74.579
14.882 -71.179
14.882 -71.179
15.186 -71.165
16.75 -70.381
11.068 -74.495
11.085 -74.476
11.081 -74.443
12.252 -68.523
13.029 -69.808
18.984 -68.723
12.188 -68.294
12.188 -68.294
12.119 -68.255
13.593 -65.796
11.173 -65.688
18.597 -64.084
12.036 -66.433
17.844 -66.282
11.97 -64.993
14.609 -74.334
16.085 -80.486
16.441 -81.691
17.697 -75.656
17.704 -75.65
14.364 -76.718
17.724 -75.739
14.172 -75.3
17.702 -75.63
17.728 -75.625
17.684 -75.597
17.77 -75.555
16.394 -70.641
11.919 -70.35
18.296 -74.425
13.231 -69.06
15.809 -73.847
15.809 -73.847
11.95 -72.44
13.271 -69.635
12.477 -69.354
19.239 -68.867
19.239 -68.867
13.412 -68.777
16.43 -81.634
17.708 -75.666
17.713 -75.646
17.754 -75.783
17.698 -75.672
16.164 -79.628
17.749 -75.621
17.682 -75.609
17.985 -71.131
17.617 -71.042
17.382 -70.368
11.093 -74.455
12.947 -69.295
15.788 -69.197
15.788 -69.197
15.788 -69.197
12.443 -68.63
11.828 -66.91
11.738 -67.915
14.446 -65.649
18.591 -64.154
11.839 -66.664
15.895 -80.898
12.899 -70.68
14.865 -74.253
16.11 -80.422
13.379 -71.932
15.935 -81.119
17.773 -75.665
17.676 -75.649
17.707 -75.644
17.727 -75.706
17.714 -75.693
16.136 -79.49
14.818 -77.771
17.764 -75.625
17.709 -75.618
17.69 -75.591
12.629 -71.106
13.383 -70.432
11.08 -74.489
13.466 -73.116
11.781 -72.862
13.811 -72.62
13.462 -72.006
15.472 -71.58
12.184 -68.285
12.168 -68.249
13.871 -66.88
14.436 -65.791
18.576 -64.105
17.9 -66.539
18.187 -65.199
18.307 -64.968
18.283 -64.671
18.601 -64.175
16.089 -80.856
16.022 -79.955
12.168 -68.305
16.121 -81.167
17.706 -75.653
17.498 -75.721
17.716 -75.68
13.519 -75.005
16.209 -79.557
11.946 -70.279
17.692 -75.612
17.705 -75.608
16.385 -70.753
13.617 -70.561
12.662 -70.427
11.073 -74.419
12.257 -72.327
12.304 -72.248
15.463 -69.908
12.442 -69.27
12.396 -68.509
12.069 -68.419
12.152 -68.31
12.171 -68.307
17.574 -68.013
14.076 -67.987
13.139 -65.878
17.706 -75.603
11.054 -74.456
10.956 -74.372
15.393 -68.977
11.928 -72.574
13.072 -71.621
13.531 -71.507
14.382 -65.875
16.005 -79.957
16.106 -80.409
15.413 -81.022
18.619 -64.197
16.072 -80.569
12.029 -68.772
12.173 -68.267
12.17 -68.278
15.416 -81.061
17.734 -75.648
17.513 -76.34
17.785 -75.712
18.103 -75.24
18.319 -75.177
12.6 -71.256
11.09 -74.476
11.096 -74.421
13.458 -71.976
12.324 -69.747
15.121 -68.908
12.161 -68.374
12.068 -68.342
12.173 -68.299
12.167 -68.285
13.973 -67.031
11.825 -66.681
13.962 -66.004
16.018 -79.842
17.721 -75.8
14.309 -74.662
11.928 -70.477
11.092 -74.481
11.117 -74.469
11.073 -74.318
13.753 -73.589
15.596 -72.243
15.596 -72.243
12.945 -68.931
20.166 -68.813
12.175 -68.287
12.065 -68.321
15.105 -67.623
15.317 -67.461
13.537 -65.772
11.831 -66.724
11.877 -66.692
18.594 -64.24
18.594 -64.162
15.998 -79.897
13.433 -72.051
13.156 -71.528
16.06 -80.716
17.705 -75.651
15.838 -80.067
17.883 -75.318
17.713 -75.635
17.699 -75.579
17.702 -75.523
11.183 -74.611
14.815 -71.146
12.554 -70.372
11.082 -74.491
11.102 -74.462
11.058 -74.445
11.065 -74.432
11.069 -74.432
11.147 -74.369
11.108 -74.368
15.597 -73.202
16.458 -69.533
18.404 -69.41
17.06 -68.958
13.104 -68.724
12.077 -68.266
15.603 -72.9
15.972 -79.988
16.125 -80.321
18.587 -64.171
14.78 -78.49
17.705 -75.66
17.714 -75.652
17.795 -75.695
14.173 -75.355
15.918 -79.295
11.939 -70.305
17.783 -75.603
17.691 -75.523
14.231 -74.693
12.64 -70.382
17.467 -73.92
10.962 -67.346
18.467 -64.398
18.586 -64.172
12.171 -68.285
14.267 -79.79
12.166 -68.312
17.755 -75.66
17.717 -75.659
17.775 -75.761
17.833 -75.723
17.712 -75.299
17.712 -75.623
17.648 -75.487
12.045 -70.469
11.903 -70.462
11.915 -70.314
11.135 -74.362
15.532 -71.743
15.532 -71.743
12.327 -69.766
20.109 -69.241
12.231 -68.733
17.707 -75.647
13.914 -72.396
16.085 -69.388
12.103 -68.361
12.154 -68.348
12.136 -68.334
12.174 -68.304
12.164 -68.039
11.569 -67.813
18.594 -64.137
11.827 -66.682
13.761 -66.292
18.532 -64.458
16.047 -80.479
15.998 -79.936
12.099 -68.185
17.718 -75.66
17.715 -75.674
17.617 -75.674
15.365 -79.343
17.75 -75.331
18.193 -70.765
11.086 -74.473
11.063 -74.444
11.326 -73.899
14.869 -69.02
20.115 -68.861
13.106 -68.732
12.243 -68.404
11.535 -68.144
18.595 -64.161
11.847 -65.482
16.062 -80.476
15.156 -77.641
12.163 -68.349
14.557 -76.777
17.767 -75.593
17.698 -75.517
11.179 -74.591
13.214 -70.195
12.456 -69.308
15.779 -69.163
15.779 -69.163
15.779 -69.163
20.035 -68.805
12.173 -68.312
12.162 -68.303
13.618 -65.768
11.831 -66.731
14.075 -66.565
13.996 -65.997
13.513 -66.036
18.652 -64.193
16.124 -80.498
12.594 -68.513
12.165 -68.295
12.171 -68.28
12.158 -68.276
17.498 -68.016
14.405 -65.779
18.521 -64.24
18.521 -64.167
18.6 -64.163
15.418 -81.003
16.732 -74.211
17.739 -75.52
17.739 -75.52
12.676 -70.973
14.377 -70.642
11.142 -74.493
11.064 -74.463
11.093 -74.428
13.771 -73.706
13.534 -68.879
12.616 -68.436
12.146 -68.347
11.498 -68.335
12.144 -68.33
17.651 -66.956
11.92 -68.041
14.51 -68.022
11.419 -67.931
15.805 -67.471
14.408 -65.775
18.594 -64.15
13.926 -66.753
17.868 -66.423
16.057 -80.496
15.896 -79.407
16.024 -81.335
14.661 -77.346
17.7 -75.621
17.67 -75.543
16.08 -80.462
17.853 -70.658
13.366 -70.489
11.11 -74.456
11.075 -74.429
13.641 -71.728
20.1 -68.803
12.101 -68.445
12.181 -68.321
12.162 -68.32
12.164 -68.31
11.489 -68.295
12.199 -68.292
12.15 -68.275
12.137 -68.207
15.797 -80.824
16.074 -80.493
11.064 -74.325
15.989 -79.929
12.159 -68.321
13.077 -71.098
16.497 -80.264
17.813 -75.666
17.846 -75.849
17.924 -75.206
14.486 -74.896
14.409 -76.488
11.95 -70.28
13.493 -72.474
17.003 -69.884
13.059 -69.688
12.184 -68.272
16.402 -67.51
18.592 -64.134
14.819 -77.789
16.003 -79.989
14.171 -73.408
14.658 -78.701
17.63 -75.849
17.717 -75.679
14.83 -77.722
17.707 -75.637
13.132 -70.304
12.445 -70.237
18.118 -71.121
11.07 -74.444
11.091 -74.43
12.987 -69.094
12.355 -70.149
15.634 -70.029
12.359 -69.189
19.821 -68.766
19.821 -68.766
12.124 -68.304
15.998 -79.98
16.054 -80.818
17.708 -75.647
17.682 -75.533
11.03 -74.385
13.124 -70.121
13.163 -69.96
12.324 -69.743
16.205 -69.554
12.457 -69.293
12.254 -68.503
12.09 -68.29
12.176 -68.407
12.182 -68.376
12.164 -68.322
12.178 -68.305
12.166 -68.302
13.911 -68.02
11.813 -66.716
10.9 -66.375
17.425 -69.848
12.17 -68.312
18.073 -65.585
16.106 -80.424
16.076 -80.376
17.722 -75.62
17.845 -75.57
17.681 -75.484
11.092 -74.57
16.695 -70.422
11.066 -74.464
11.081 -74.449
11.085 -74.436
13.488 -74.368
13.614 -71.666
12.161 -68.328
12.181 -68.323
18.144 -75.781
17.733 -75.689
16.251 -79.999
17.753 -75.533
15.349 -71.203
15.349 -71.203
13.62 -68.936
13.62 -68.936
12.155 -68.285
12.155 -68.285
12.155 -68.285
12.165 -68.313
12.177 -68.313
12.179 -68.302
12.115 -68.284
14.932 -67.802
11.834 -66.753
11.833 -66.666
16.173 -80.426
18.309 -76.217
12.158 -68.283
15.396 -80.974
17.703 -75.641
16.945 -74.206
16.945 -74.206
15.263 -71.185
15.263 -71.185
11.108 -74.478
11.075 -74.444
12.187 -68.645
12.402 -68.522
12.167 -68.307
12.162 -68.305
12.197 -68.29
13.54 -65.765
15.295 -67.437
17.178 -67.195
13.579 -65.858
11.84 -66.676
12.656 -70.169
15.502 -81.066
15.389 -80.721
17.795 -75.652
17.723 -76.109
17.706 -75.75
17.7 -75.694
14.815 -78.066
17.696 -75.62
17.74 -75.507
11.978 -70.37
11.177 -74.384
17.468 -73.92
16.157 -69.373
13.6 -68.688
12.091 -68.395
12.163 -68.324
12.176 -68.32
12.205 -68.314
12.141 -68.297
12.975 -68.249
13.337 -68.245
15.155 -67.578
11.806 -66.731
18.845 -64.506
16.165 -80.482
12.243 -68.483
15.98 -80.97
15.115 -80.4
17.638 -76.095
16.976 -70.276
17.719 -75.622
16.577 -70.8
16.372 -70.661
17.426 -70.521
11.074 -74.47
15.579 -72.186
15.727 -69.129
15.727 -69.129
15.727 -69.129
12.31 -68.486
12.121 -68.298
12.188 -68.276
11.203 -67.591
11.941 -65.333
15.997 -79.96
15.988 -79.951
11.172 -74.375
16.035 -80.246
17.711 -75.636
17.712 -75.623
17.667 -75.62
17.674 -75.613
12.683 -70.479
11.522 -73.22
12.159 -68.354
12.154 -68.283
12.194 -68.173
11.821 -66.701
13.968 -66.071
11.309 -65.518
16.012 -79.995
16.111 -80.358
12.514 -69.833
12.219 -68.302
17.726 -75.643
17.744 -75.866
15.332 -78.968
17.787 -75.584
17.789 -75.445
17.789 -75.445
18.269 -74.877
18.359 -74.62
11.094 -74.475
11.092 -74.446
11.086 -74.371
11.372 -74.032
11.465 -73.249
17.041 -69.928
12.036 -68.917
20.123 -68.86
20.05 -68.735
11.976 -68.459
12.515 -68.433
12.16 -68.3
12.166 -68.291
12.232 -68.272
11.39 -67.858
13.863 -67.105
18.598 -64.146
15.56 -80.886
15.938 -80.811
15.225 -79.017
15.954 -79.916
14.207 -79.601
12.169 -68.307
16.045 -81.02
14.822 -78.247
14.754 -77.624
13.808 -74.652
12.217 -70.698
11.944 -70.339
14.874 -73.212
15.571 -72.112
13.028 -70.014
17.862 -69.989
12.328 -69.814
14.99 -69.634
13.553 -68.935
12.17 -68.36
12.182 -68.328
12.182 -68.314
12.182 -68.314
15.835 -67.457
13.674 -65.914
11.818 -66.696
15.418 -79.499
16.031 -79.934
12.182 -68.314
17.71 -75.665
17.693 -75.689
16.923 -74.216
17.682 -75.448
17.62 -75.326
17.414 -70.912
11.1 -74.452
15.412 -68.993
12.15 -72.302
15.587 -72.598
15.587 -72.598
15.475 -71.543
15.475 -71.543
15.16 -69.761
12.98 -69.774
13.534 -68.879
12.154 -68.397
12.201 -68.336
12.118 -68.321
12.179 -68.296
12.135 -68.295
12.167 -68.265
16.032 -80.568
14.777 -77.953
12.159 -68.304
15.449 -80.999
16.353 -81.24
11.927 -70.306
17.713 -75.603
11.118 -74.447
11.073 -74.437
17.751 -73.79
17.751 -73.79
15.737 -69.157
15.737 -69.157
15.737 -69.157
15.418 -69.126
14.99 -68.949
12.18 -68.344
12.143 -68.321
12.158 -68.3
12.172 -68.291
12.17 -68.29
12.167 -68.282
12.639 -70.105
12.166 -68.297
17.708 -75.651
17.72 -75.644
15.887 -79.727
11.95 -70.274
17.73 -75.584
12.782 -70.893
11.075 -74.507
11.051 -74.463
12.192 -72.281
12.673 -69.725
16.558 -69.649
20.124 -68.874
17.161 -68.518
12.118 -68.32
14.704 -67.992
18.594 -64.134
18.681 -64.083
18.567 -64.302
16.017 -80.548
15.961 -79.936
16.563 -81.554
17.718 -75.643
17.723 -75.684
16.158 -79.389
17.735 -75.636
16.129 -70.283
17.72 -75.502
11.089 -74.403
13.072 -69.199
14.182 -69.134
13.904 -68.827
12.207 -68.359
12.169 -68.309
12.169 -68.309
12.169 -68.309
12.202 -68.294
12.205 -68.255
14.436 -65.66
18.617 -64.147
16.039 -80.428
15.668 -80.961
15.361 -80.867
16.002 -80.845
16.16 -80.584
17.675 -75.641
17.722 -75.64
17.704 -75.637
16.763 -70.308
11.947 -70.287
17.685 -75.561
17.779 -75.444
17.822 -70.945
12.711 -70.576
11.945 -70.367
11.125 -74.435
11.729 -72.863
17.272 -69.629
12.153 -68.335
11.823 -66.776
11.82 -66.682
11.808 -66.632
18.555 -64.055
17.693 -75.654
16.013 -79.971
12.196 -68.194
16.124 -81.009
17.715 -75.716
17.646 -75.679
14.865 -78.001
14.739 -77.49
17.741 -75.575
11.524 -68.354
12.167 -68.31
12.169 -68.31
12.162 -68.304
12.169 -68.261
11.839 -66.744
11.824 -66.698
17.889 -66.539
18.076 -65.452
16.281 -65.071
18.468 -64.336
18.567 -64.208
18.592 -64.06
16.162 -80.442
15.416 -79.453
14.008 -73.165
16.089 -80.464
15.855 -80.323
12.169 -68.294
12.942 -70.938
15.452 -81.024
15.489 -81.011
17.693 -75.734
17.727 -75.711
17.681 -75.7
17.741 -75.675
17.745 -75.629
17.711 -75.627
17.697 -75.618
17.7 -75.584
14.207 -75.402
12.013 -70.536
11.324 -73.643
12.186 -68.279
14.71 -68.022
18.609 -64.158
17.204 -67.19
13.664 -73.909
12.39 -69.608
12.158 -68.289
12.202 -68.334
11.288 -66.947
16.191 -70.292
16.084 -80.496
14.949 -78.148
12.926 -68.892
14.513 -80.311
12.174 -68.286
17.703 -75.651
17.752 -75.645
17.709 -75.638
16.791 -70.248
17.702 -75.608
17.731 -75.563
17.732 -75.525
17.87 -75.523
17.87 -75.523
17.761 -75.456
14.351 -70.654
11.962 -70.482
11.084 -74.484
11.06 -74.385
12.162 -69.356
12.167 -68.321
12.128 -68.286
12.186 -68.361
12.173 -68.312
11.299 -67.152
13.529 -65.811
17.987 -65.863
18.602 -64.165
12.162 -68.315
15.427 -80.981
17.705 -75.653
16.025 -79.754
14.715 -77.11
11.969 -70.288
14.395 -70.649
11.079 -74.44
11.068 -74.429
11.087 -74.399
13.12 -71.494
12.223 -69.516
15.758 -80.88
15.991 -79.954
17.723 -75.666
17.644 -75.776
17.649 -75.701
18.021 -75.061
17.708 -75.637
17.646 -75.495
17.711 -75.494
16.532 -70.802
11.085 -74.491
11.082 -74.486
13.903 -72.455
15.813 -70.159
13.162 -70.05
16.043 -67.515
18.591 -64.158
15.245 -80.689
17.669 -75.665
17.718 -75.659
17.71 -75.64
17.684 -75.684
13.666 -75.276
14.774 -77.659
17.699 -75.638
17.718 -75.556
11.119 -74.492
11.12 -74.484
12.186 -69.061
20.153 -69.054
12.046 -68.838
12.802 -68.736
12.138 -68.339
12.214 -68.228
12.099 -68.227
12.168 -68.306
12.146 -68.156
18.885 -68.642
13.949 -64.995
15.987 -79.94
14.162 -75.283
11.091 -74.468
18.578 -64.114
17.705 -75.649
17.7 -75.645
17.596 -75.976
17.678 -75.452
12.986 -71.262
12.232 -70.701
11.11 -74.402
17.409 -69.798
12.421 -69.394
12.166 -68.314
12.69 -68.458
12.178 -68.377
12.149 -68.329
12.21 -68.328
12.159 -68.316
12.162 -68.308
12.162 -68.308
12.162 -68.308
12.151 -68.301
13.283 -67.854
10.991 -67.416
17.54 -67.041
13.687 -65.032
12.473 -68.875
17.711 -75.652
17.71 -75.651
14.257 -75.874
17.454 -75.828
17.7 -75.729
17.315 -75.302
17.778 -75.278
17.159 -74.073
17.159 -74.073
17.86 -75.504
17.821 -75.422
13.317 -70.954
17.051 -70.796
17.051 -70.796
11.099 -74.494
11.09 -74.441
12.063 -69.031
12.403 -70.003
17.088 -69.595
12.879 -69.239
12.714 -68.469
12.107 -68.286
12.312 -68.399
12.166 -68.308
11.199 -65.647
18.599 -64.145
16.089 -80.46
17.702 -75.653
17.694 -75.652
17.712 -75.686
16.012 -80.092
13.52 -74.902
14.823 -76.632
17.677 -75.598
17.676 -75.584
17.62 -75.512
17.591 -75.483
13.695 -73.75
11.506 -73.226
12.923 -69.145
12.231 -68.404
11.993 -68.4
12.174 -68.323
12.164 -68.305
12.104 -68.255
13.389 -68.115
11.825 -66.709
13.526 -64.979
13.375 -71.927
17.725 -75.648
17.742 -75.859
17.634 -75.858
17.671 -75.722
17.702 -75.708
17.781 -75.676
14.653 -76.999
11.359 -74.12
17.749 -75.601
17.451 -70.527
12.053 -69.046
13.459 -68.665
12.246 -68.423
12.112 -68.413
12.163 -68.304
12.134 -68.283
17.377 -67.16
16.053 -79.975
17.673 -75.638
17.725 -75.664
17.72 -75.659
17.831 -75.649
17.639 -75.91
14.794 -77.899
14.856 -77.859
14.563 -76.828
14.012 -74.297
11.95 -70.283
13.196 -70.489
11.069 -74.437
14.757 -69.046
13.543 -73.802
17.115 -70.057
12.341 -69.654
12.05 -68.915
12.237 -68.506
11.712 -68.367
12.185 -68.224
12.167 -68.313
12.192 -68.307
14.433 -68.007
13.777 -65.934
13.252 -65.819
18.591 -64.116
11.826 -65.561
13.317 -65.143
18.268 -64.948
18.583 -64.158
11.542 -68.169
18.647 -63.856
15.426 -81.008
15.995 -79.918
16.072 -79.966
17.718 -75.639
15.423 -81.019
17.724 -75.724
14.58 -79.652
11.964 -70.308
17.706 -75.629
17.736 -75.462
14.64 -70.941
14.64 -70.941
11.086 -74.455
15.418 -69.017
13.837 -72.578
14.954 -68.944
12.554 -68.414
12.432 -68.392
12.11 -68.31
12.156 -68.296
13.591 -65.781
12.179 -68.284
18.6 -64.188
17.641 -75.639
16.193 -80.335
15.999 -79.924
15.422 -81.032
17.719 -75.64
17.743 -75.7
15.273 -71.208
12.656 -71.024
11.096 -74.467
11.069 -74.456
11.067 -74.394
11.473 -73.242
11.721 -73.094
11.813 -72.818
17.469 -69.823
15.514 -69.126
12.107 -68.334
12.172 -68.323
12.166 -68.296
15.999 -79.969
13.666 -65.916
13.287 -65.805
13.714 -65.018
14.366 -79.54
16.069 -80.455
15.111 -80.384
17.716 -75.663
17.594 -75.843
17.718 -75.677
15.58 -79.615
11.933 -70.305
17.74 -75.571
14.814 -71.146
12.686 -70.484
11.094 -74.48
11.134 -74.377
11.34 -66.881
12.888 -68.251
13.579 -68.182
15.296 -67.466
18.618 -64.066
16.077 -80.493
14.523 -72.276
17.74 -75.802
14.798 -77.812
17.693 -75.633
17.748 -75.626
15.349 -71.271
11.879 -70.473
11.061 -74.448
11.089 -74.435
11.042 -74.418
14.294 -69.007
12.401 -70.005
16.289 -69.475
20.132 -68.836
12.17 -68.306
12.104 -68.276
12.169 -68.275
10.988 -65.838
11.812 -66.665
13.946 -64.962
17.732 -75.673
16.067 -80.213
16.111 -80.417
16.05 -81.012
15.414 -80.863
17.71 -75.642
16.384 -80.044
15.519 -79.843
14.879 -78.031
17.583 -75.607
14.104 -71.357
11.047 -74.492
11.054 -74.429
17.419 -73.942
17.419 -73.942
13.76 -73.596
16.924 -72.067
13.555 -68.891
13.555 -68.891
12.036 -68.415
12.156 -68.369
12.149 -68.279
17.135 -67.267
13.531 -65.819
11.84 -66.769
13.981 -66.068
18.6 -64.165
15.812 -80.252
15.996 -79.963
13.801 -73.182
12.126 -68.291
17.82 -75.736
15.812 -79.681
14.711 -77.175
11.957 -70.306
17.716 -75.628
17.712 -75.61
17.549 -75.389
13.497 -74.424
14.362 -69.046
12.142 -68.997
12.795 -68.964
13.895 -72.183
12.182 -68.311
13.864 -66.867
11.772 -66.765
11.849 -66.679
11.776 -66.627
20.18 -68.923
18.544 -64.41
17.714 -75.647
17.593 -75.645
17.712 -75.725
17.722 -75.705
18.263 -75.148
14.728 -77.551
17.71 -75.63
17.573 -75.622
11.072 -74.45
15.728 -70.063
12.11 -68.302
13.715 -68.054
11.228 -67.596
17.081 -67.28
13.746 -65.93
17.732 -66.801
12.174 -68.302
16.075 -80.482
15.996 -79.862
16.145 -80.724
17.706 -75.645
14.588 -79.717
14.814 -77.908
11.072 -74.268
17.497 -71.057
13.258 -70.324
11.056 -74.523
11.066 -74.446
14.731 -69.068
15.406 -69.893
12.153 -68.467
12.26 -68.309
12.157 -68.295
12.162 -68.276
12.187 -68.244
13.548 -65.798
11.833 -66.724
15.34 -80.963
16.3 -81.482
17.747 -75.655
17.741 -75.694
17.61 -75.682
18.095 -75.018
11.099 -74.423
15.652 -73.207
15.252 -69.812
13.07 -69.314
12.167 -68.345
13.855 -67.044
11.902 -70.445
18.278 -64.895
12.101 -64.873
16.223 -80.435
15.438 -81.034
17.71 -75.681
17.737 -75.673
15.922 -80.065
13.68 -74.22
17.771 -75.547
17.099 -74.811
11.101 -74.433
17.387 -73.939
15.529 -71.723
15.529 -71.723
12.433 -69.515
20.28 -69.425
12.482 -68.756
12.154 -68.324
12.168 -68.301
12.168 -68.301
12.181 -68.265
13.326 -67.6
13.339 -67.566
10.906 -67.111
18.601 -64.147
18.586 -64.094
16.11 -80.55
16.013 -79.968
12.175 -68.299
15.352 -80.953
17.725 -75.654
17.653 -75.719
14.795 -77.83
11.35 -74.225
17.049 -74.172
17.768 -75.515
14.059 -71.311
16.41 -70.631
11.045 -74.473
11.055 -74.434
11.071 -74.43
12.949 -68.971
11.404 -73.568
11.691 -73.156
15.53 -71.706
12.787 -69.745
15.087 -68.921
12.188 -68.77
20.002 -68.586
12.105 -68.498
12.304 -68.409
12.167 -68.278
11.888 -68.26
13.423 -68.247
14.174 -68.192
18.596 -64.115
11.832 -66.702
11.856 -65.523
18.199 -65.21
18.612 -64.173
12.17 -68.303
12.164 -68.3
17.722 -75.646
17.692 -75.645
17.531 -75.811
17.752 -75.717
13.543 -75.035
15.462 -80.832
16.395 -80.372
17.705 -75.646
14.82 -80.158
17.715 -75.631
17.621 -75.598
11.077 -74.578
14.411 -70.919
17.774 -70.64
11.856 -70.406
11.071 -74.418
14.797 -72.892
12.214 -72.254
12.7 -69.657
11.393 -67.822
11.444 -67.052
18.001 -65.811
13.51 -65.797
11.816 -66.715
13.859 -66.353
18.28 -64.674
18.608 -64.173
17.708 -75.645
16.001 -79.955
9.882 -78.444
12.225 -68.164
12.031 -67.795
15.44 -81.032
17.679 -75.7
17.743 -75.686
14.782 -77.66
17.844 -75.514
12.512 -71.232
13.329 -71.096
11.074 -74.464
11.101 -74.454
20.118 -68.98
20.118 -68.98
16.503 -69.559
12.132 -68.608
13.512 -67.403
18.604 -64.131
11.829 -66.712
13.343 -65.046
12.166 -68.32
16.073 -80.458
16.1 -80.423
15.488 -80.91
17.702 -75.659
17.701 -75.646
17.678 -75.635
13.12 -70.25
14.222 -75.613
17.724 -75.591
14.042 -71.286
11.043 -74.457
11.076 -74.411
11.048 -74.357
17.319 -70.009
13.245 -69.653
12.434 -69.466
14.057 -66.435
14.572 -68.042
18.612 -64.01
16.321 -80.029
17.711 -75.648
17.878 -67.049
12.073 -64.927
12.169 -68.302
10.972 -65.933
16.045 -79.949
17.717 -75.641
15.996 -80.203
13.63 -75.204
14.83 -78.189
17.727 -75.637
14.185 -75.341
17.843 -70.953
11.082 -74.476
11.093 -74.452
11.102 -74.45
11.041 -74.447
11.098 -74.436
11.083 -74.436
17.03 -69.922
15.496 -69.907
14.73 -69.445
12.766 -68.53
12.401 -68.53
12.173 -68.299
12.157 -68.293
18.602 -64.149
18.586 -64.123
10.896 -66.661
18.483 -63.981
12.413 -68.837
15.936 -79.918
17.754 -75.834
14.859 -77.951
14.648 -77.235
11.95 -70.29
14.634 -70.781
14.634 -70.781
16.417 -70.76
11.93 -70.311
11.085 -74.462
17.684 -73.802
17.684 -73.802
13.775 -73.237
15.492 -71.639
15.492 -71.639
18.4 -69.403
12.429 -68.476
12.16 -68.32
12.162 -68.285
11.53 -68.199
18.587 -64.133
13.865 -66.44
18.963 -63.596
16.07 -80.464
17.714 -75.664
17.73 -75.658
17.534 -75.826
13.951 -74.146
17.693 -75.59
12.502 -70.336
11.102 -74.445
13.82 -73.998
15.616 -72.327
12.353 -69.852
12.122 -68.375
12.185 -68.312
12.185 -68.312
12.179 -68.311
16.715 -67.548
18.634 -64.139
12.391 -65.241
15.981 -79.982
12.185 -68.312
12.695 -70.311
15.422 -81.101
17.742 -75.638
17.702 -75.642
17.706 -76.11
17.719 -75.721
18.082 -75.268
17.716 -75.63
12.884 -71.092
11.99 -70.469
16.737 -70.356
11.064 -74.368
19.554 -68.964
13.551 -73.699
13.921 -72.354
15.552 -71.823
15.552 -71.823
12.464 -69.267
14.142 -69.118
12.308 -68.374
12.18 -68.312
12.001 -68.282
12.162 -68.252
13.548 -65.765
18.593 -64.143
11.826 -66.698
15.991 -79.946
14.167 -75.23
16.012 -79.882
17.695 -75.659
14.263 -76.096
17.704 -75.766
17.709 -75.696
17.743 -75.687
17.705 -75.67
17.7 -75.637
14.99 -75.534
16.569 -70.777
11.075 -74.508
13.731 -73.463
12.215 -68.445
12.133 -68.355
12.052 -68.35
12.136 -68.328
12.173 -68.31
12.176 -68.3
12.137 -68.262
13.825 -65.958
18.6 -64.15
11.818 -66.708
18.581 -64.157
18.558 -64.036
15.784 -80.751
17.704 -75.645
17.46 -75.677
14.885 -78.277
17.879 -75.349
17.879 -75.349
18.021 -71.092
12.643 -71.058
17.721 -71.03
11.083 -74.493
11.075 -74.475
13.629 -68.724
12.173 -68.287
12.161 -68.385
12.161 -68.163
13.213 -71.702
15.528 -80.905
17.707 -75.648
17.691 -75.646
17.671 -75.7
17.723 -75.683
17.751 -75.673
17.765 -75.165
15.006 -78.344
17.709 -75.618
11.071 -74.472
11.072 -74.438
12.286 -72.19
17.244 -70.165
12.787 -70.069
12.342 -69.777
14.935 -69.59
12.689 -68.81
12.199 -68.288
12.186 -68.303
15.543 -67.456
10.908 -67.163
11.377 -73.965
12.177 -68.305
17.128 -67.288
12.18 -68.273
16.026 -80.442
12.656 -70.161
18.582 -64.139
18.603 -64.138
12.174 -68.303
12.532 -69.767
16.093 -80.415
16.062 -80.424
18.568 -64.052
16.065 -80.477
15.504 -80.918
16.086 -80.423
13.059 -72.276
12.169 -68.309
17.856 -66.635
15.41 -75.876
15.763 -81.962
15.755 -81.961
15.737 -81.924
12.167 -68.3
10.846 -63.713
10.952 -63.652
15.705 -82.07
15.757 -81.948
13.98 -74.034
12.98 -70.165
10.815 -63.606
15.768 -81.96
15.022 -79.223
13.108 -68.645
12.167 -68.315
12.168 -68.302
18.074 -67.227
18.142 -65.569
11.028 -63.736
15.759 -81.969
12.12 -68.236
18.188 -65.605
15.69 -82.094
15.748 -81.969
15.766 -81.923
11.963 -68.739
18.176 -65.587
15.687 -82.086
15.767 -81.952
17.014 -71.636
18.206 -65.577
17.647 -68.87
12.165 -68.321
18.19 -65.602
12.82 -82.453
15.756 -81.997
12.558 -69.319
18.232 -65.571
11.014 -63.745
12.321 -68.692
12.174 -68.337
18.13 -65.653
15.77 -81.957
15.215 -69.02
12.151 -68.295
18.103 -65.649
18.111 -65.611
15.711 -81.974
18.172 -65.667
18.151 -65.666
10.982 -63.758
16.759 -82.085
11.03 -63.581
12.282 -68.425
12.079 -65.63
12.147 -66.462
18.103 -65.568
11.233 -63.928
11.013 -63.745
15.681 -82.126
12.216 -68.367
18.212 -65.625
18.109 -65.584
11.038 -63.726
15.772 -82.062
15.766 -81.983
16.758 -81.961
12.297 -68.654
12.147 -68.417
12.177 -68.303
12.155 -68.295
18.158 -65.604
15.76 -82.069
13.71 -72.988
18.181 -65.625
16.194 -82.372
15.764 -81.951
12.434 -66.974
18.074 -65.644
18.245 -65.454
11.046 -63.712
15.664 -82.065
15.734 -81.95
15.748 -81.883
12.853 -80.565
13.615 -71.177
15.68 -81.976
15.749 -81.933
13.249 -70.301
12.235 -68.337
12.169 -68.292
10.841 -63.508
15.556 -82.281
12.981 -70.296
12.177 -68.413
12.164 -68.297
18.184 -65.589
11.759 -64.727
11.052 -63.634
15.772 -82.035
15.72 -82.018
15.755 -81.958
12.379 -68.894
12.167 -68.321
12.167 -68.314
18.101 -65.647
18.062 -65.521
11.048 -63.711
11.104 -63.603
15.712 -81.893
12.041 -68.331
12.168 -68.32
12.168 -68.303
12.131 -68.303
12.909 -69.977
16.222 -82.061
15.762 -81.994
15.763 -81.949
14.287 -77.691
12.163 -68.311
18.165 -65.584
11.028 -63.782
18.12 -65.533
16.776 -82.017
15.673 -82.107
18.102 -65.637
18.139 -65.607
18.122 -65.577
17.987 -65.291
15.622 -81.988
15.74 -81.957
15.77 -81.944
15.789 -80.409
12.22 -68.417
18.161 -65.631
18.267 -65.589
18.115 -65.584
15.655 -82.077
15.721 -81.985
15.753 -81.954
16.609 -81.136
13.088 -69.688
15.526 -69.399
12.296 -68.404
12.162 -68.323
18.089 -65.627
11.882 -65.066
15.751 -81.965
18.194 -65.62
18.128 -65.608
10.877 -63.836
14.13 -77.34
10.963 -63.554
12.154 -68.321
15.755 -81.897
11.307 -64.09
15.718 -81.994
15.758 -81.885
15.75 -82.112
12.163 -68.323
18.202 -65.598
11.467 -63.788
15.734 -82.015
12.189 -68.277
12.529 -68.128
18.005 -65.471
14.204 -77.435
14.138 -77.202
18.348 -68.336
12.16 -68.32
18.091 -65.65
18.119 -65.58
17.98 -68.44
12.299 -68.435
12.154 -68.322
12.175 -68.31
18.18 -65.642
18.135 -65.639
18.168 -65.604
18.135 -65.597
18.097 -65.588
11.026 -63.794
15.772 -81.962
12.482 -67.057
11.036 -63.771
10.898 -63.856
12.168 -68.315
10.853 -63.533
18.196 -65.613
15.739 -81.968
17.643 -68.86
18.201 -65.604
15.609 -82.005
15.624 -81.986
13.391 -75.396
17.934 -66.552
18.21 -65.57
11.034 -63.721
13.07 -76.839
12.366 -68.383
12.216 -68.356
12.168 -68.316
18.118 -65.675
18.142 -65.592
18.134 -65.516
11.863 -64.974
15.76 -81.909
12.16 -68.325
10.779 -64.092
10.904 -63.697
15.752 -81.944
15.765 -82.037
16.746 -81.451
18.16 -65.619
15.605 -82.02
15.734 -81.941
12.151 -68.323
12.104 -68.156
15.686 -82.039
15.757 -81.997
16.777 -81.874
16.012 -83.396
15.253 -79.844
14.045 -76.934
13.26 -70.465
12.631 -69.501
12.199 -68.317
12.172 -68.306
12.412 -66.958
18.172 -65.553
11.021 -63.741
15.684 -82.032
15.575 -81.982
12.157 -68.421
12.185 -68.32
11.693 -64.141
11.79 -64.306
11.03 -63.769
15.663 -82.116
15.652 -82.095
12.504 -68.452
18.177 -65.646
18.169 -65.604
11.031 -63.709
12.924 -77.783
15.096 -68.963
12.58 -67.777
18.208 -65.608
15.739 -82.052
12.214 -68.349
15.782 -82.045
15.654 -82.018
13.958 -73.758
12.173 -68.301
18.144 -65.698
18.168 -65.595
10.816 -63.627
18.209 -65.602
11.005 -63.765
15.604 -82.053
15.72 -81.975
18.174 -65.511
11.032 -63.767
12.162 -68.336
12.16 -68.245
18.168 -65.572
18.126 -65.569
18.042 -65.479
15.588 -82.045
15.727 -82.008
15.796 -81.942
13.097 -69.986
15.062 -68.774
12.155 -68.281
18.095 -65.67
18.136 -65.622
12.07 -66.015
10.873 -63.582
15.753 -81.979
15.762 -81.957
15.719 -81.875
13.04 -70.208
12.914 -69.612
12.188 -68.273
11.066 -63.749
11.049 -63.681
15.76 -81.981
12.995 -69.878
12.174 -68.346
12.158 -66.702
11.048 -63.758
11.016 -63.731
16.108 -80.663
12.813 -82.321
12.175 -68.298
11.024 -63.78
16.408 -69.081
18.104 -65.656
15.644 -82.067
12.379 -68.898
12.191 -68.271
18.166 -65.62
18.218 -65.614
18.2 -65.603
11.043 -63.775
11.043 -63.766
15.681 -82.065
15.762 -81.78
12.116 -68.41
12.19 -68.29
18.169 -65.616
17.803 -68.802
11.014 -63.759
15.711 -82.018
12.127 -68.441
18.158 -65.629
18.108 -65.608
11.024 -63.742
15.765 -81.955
15.713 -82.062
14.76 -78.505
15.356 -69.078
12.713 -69.655
12.281 -68.42
15.642 -82.078
15.742 -81.999
18.09 -68.389
12.167 -68.324
11.054 -64.107
18.189 -65.58
18.046 -65.666
18.128 -65.651
15.749 -81.901
16.16 -80.662
15.648 -82.221
12.074 -65.625
18.21 -65.617
15.668 -82.087
15.612 -81.993
15.765 -81.957
15.665 -82.153
12.162 -68.286
12.272 -68.327
12.467 -67.02
15.749 -81.981
15.615 -82.13
12.157 -68.322
10.53 -64.337
15.574 -82.092
17.602 -68.915
12.158 -68.367
12.162 -68.334
10.973 -63.489
12.832 -81.13
16.726 -82.168
13.468 -71.343
12.154 -68.437
11.023 -63.806
10.989 -63.78
11.004 -63.64
15.718 -82.069
15.746 -81.947
18.117 -65.593
11.03 -63.767
10.973 -63.757
11.021 -63.768
15.643 -82.08
15.649 -82.071
15.574 -80.204
15.653 -82.151
12.123 -68.333
12.15 -68.303
12.147 -68.292
12.155 -68.186
18.084 -65.643
11.098 -63.729
10.893 -63.707
18.247 -65.599
12.178 -68.403
12.172 -68.312
12.164 -68.296
18.121 -65.584
10.798 -63.611
15.742 -82.049
15.762 -81.996
15.642 -82.22
13.944 -75.184
18.163 -65.653
11.022 -63.762
15.528 -81.638
13.046 -79.495
12.479 -68.065
18.16 -65.555
12.196 -68.276
12.154 -66.674
18.166 -65.6
18.171 -65.578
11.039 -63.795
15.743 -81.988
14.985 -79.146
14.129 -76.986
16.771 -69.002
12.118 -68.22
12.169 -68.282
18.192 -65.592
11.068 -63.731
16.362 -80.922
15.767 -81.958
15.785 -81.953
16.382 -68.871
18.182 -65.608
15.679 -81.861
15.459 -80.087
18.163 -65.536
10.986 -63.728
15.664 -81.995
15.758 -81.945
15.805 -81.916
12.283 -68.434
15.735 -81.968
13.949 -74.747
18.095 -65.627
18.2 -65.603
18.186 -65.596
18.13 -65.582
18.189 -65.571
10.8 -63.515
11.051 -63.823
17.542 -68.92
12.156 -68.271
18.205 -65.623
10.901 -63.828
15.663 -82.09
15.76 -81.951
15.666 -82.135
12.177 -68.31
12.165 -68.306
12.146 -68.284
18.163 -65.604
11.048 -63.687
15.681 -82.182
18.194 -65.639
10.873 -63.71
16.745 -81.445
15.322 -79.937
12.234 -68.234
15.653 -81.966
15.704 -81.78
12.176 -68.309
12.175 -68.293
15.835 -81.983
15.753 -81.962
15.749 -81.951
15.798 -81.579
12.168 -68.303
12.185 -68.275
18.143 -65.648
12.523 -69.224
18.204 -65.585
10.941 -63.599
15.767 -81.964
12.651 -69.565
18.21 -65.615
15.66 -82.073
15.656 -81.975
15.799 -82.134
13.16 -68.724
12.079 -65.52
15.643 -82.08
15.736 -81.996
15.778 -81.962
15.761 -81.946
12.231 -68.555
18.185 -65.61
18.12 -65.568
18.104 -65.55
11.034 -63.747
13.029 -77.107
12.509 -68.454
12.305 -68.407
12.17 -68.402
12.167 -68.319
18.229 -65.548
11.022 -63.779
11.064 -63.763
15.744 -81.977
15.726 -81.953
13.681 -72.97
12.167 -68.312
11.584 -63.988
15.735 -81.911
12.197 -68.291
10.992 -63.749
16.377 -81.062
12.907 -69.978
12.661 -69.562
12.156 -68.353
12.17 -68.308
18.161 -65.614
18.164 -65.574
15.748 -81.97
14.654 -81.174
14.47 -68.876
18.119 -65.653
15.897 -69.144
15.773 -81.969
14.249 -77.569
18.208 -65.608
10.943 -63.841
10.91 -63.751
15.784 -81.958
12.21 -68.345
18.184 -65.611
11.041 -63.771
15.77 -81.973
12.523 -69.225
12.169 -68.305
12.151 -66.443
18.121 -65.594
13.057 -79.528
12.286 -68.622
18.196 -65.521
10.878 -63.829
11.03 -63.765
15.668 -81.968
15.748 -81.946
15.741 -81.937
12.558 -69.246
12.161 -68.311
18.138 -65.611
18.166 -65.601
11.025 -63.741
15.823 -81.99
15.859 -81.936
12.168 -68.324
12.168 -68.301
12.155 -68.277
11.008 -63.734
15.767 -81.976
10.895 -63.441
16.781 -81.971
17.247 -68.96
11.019 -63.762
15.494 -82.074
15.769 -81.971
15.756 -81.966
15.713 -81.926
16.251 -80.815
12.194 -68.444
18.166 -65.561
11.026 -63.774
15.821 -81.899
18.162 -65.68
18.29 -65.658
18.162 -65.628
18.161 -65.625
18.224 -65.6
15.609 -82.055
15.743 -82.014
12.216 -68.387
18.175 -65.633
18.208 -65.546
11.009 -63.709
15.758 -81.944
15.727 -81.941
17.365 -68.994
12.167 -68.305
15.7 -81.961
12.167 -68.296
18.109 -65.586
11.119 -63.72
18.113 -65.591
14.411 -68.872
12.545 -67.162
15.665 -82.062
15.742 -82.01
15.673 -81.829
12.846 -80.338
13.446 -71.274
18.118 -65.618
13.942 -75.324
12.178 -68.293
18.212 -65.62
18.112 -65.62
15.668 -82.037
16.506 -82.14
12.701 -69.646
12.215 -68.37
18.14 -65.647
12.16 -68.326
15.742 -81.962
15.656 -81.942
18.153 -65.625
15.75 -81.944
15.669 -82.017
15.748 -81.971
15.755 -81.959
15.31 -79.821
18.166 -65.654
18.181 -65.629
10.846 -63.986
15.732 -81.912
18.2 -65.617
18.168 -65.611
18.184 -65.596
13.11 -79.096
13.037 -70.214
14.408 -68.874
12.113 -68.453
12.179 -68.309
18.098 -65.611
18.11 -65.585
15.771 -81.958
15.778 -81.95
15.77 -81.911
17.752 -68.806
11.104 -63.757
15.751 -81.947
11.164 -63.904
15.678 -82.086
15.749 -81.978
15.744 -81.92
12.926 -78.819
14.098 -76.47
12.548 -69.316
12.267 -68.327
12.161 -68.302
17.92 -66.313
18.108 -65.61
18.184 -65.576
11.072 -63.735
15.695 -82.084
15.726 -82.018
15.652 -82.13
12.167 -68.302
18.136 -65.576
18.125 -65.568
15.662 -82.089
15.612 -80.274
10.885 -63.576
15.758 -81.953
15.693 -82.246
17.005 -68.98
12.158 -68.245
18.085 -65.613
11.3 -64.051
15.66 -82.027
15.774 -81.994
16.45 -68.875
12.095 -65.908
18.141 -65.629
12.573 -68.464
15.644 -82.156
13.468 -71.525
11.405 -63.462
15.688 -81.981
12.151 -68.329
18.043 -65.741
18.171 -65.627
18.17 -65.592
15.679 -82.086
15.63 -82.119
12.791 -69.391
18.199 -65.596
11.038 -63.718
12.579 -69.369
12.626 -67.311
18.103 -65.647
18.136 -65.573
11.032 -63.719
15.897 -80.302
16.475 -68.901
12.173 -68.338
12.171 -68.295
18.204 -65.602
11.901 -64.945
11.033 -63.763
11.092 -63.757
12.182 -68.306
12.128 -68.303
18.178 -65.619
18.176 -65.651
18.195 -65.607
15.76 -81.967
18.108 -65.614
18.117 -65.585
15.657 -82.08
15.753 -81.969
15.753 -81.949
15.755 -81.939
15.477 -82.751
14.375 -77.891
12.792 -69.563
13.404 -68.743
12.576 -68.485
12.628 -76.401
16.373 -87.538
18.56 -79.519
18.522 -78.487
11.838 -68.458
12.034 -68.195
11.78 -66.788
11.824 -66.785
13.29 -69.318
13.72 -75.096
14.075 -82.652
11.947 -78.37
13.063 -70.302
12.417 -68.834
12.043 -68.264
11.804 -66.806
11.828 -66.789
11.825 -66.768
12.996 -69.059
13.761 -74.492
11.978 -78.211
16.906 -77.612
15.597 -76.975
12.152 -69.048
12.152 -69.048
18.176 -78.099
17.415 -78.07
11.778 -69.138
12.219 -68.627
12.086 -68.314
11.811 -67.277
11.838 -66.762
13.396 -69.442
14.062 -82.573
15.544 -75.743
11.942 -68.417
12.02 -68.252
11.841 -66.812
11.843 -66.812
11.832 -66.789
13.382 -69.436
13.152 -69.175
14.055 -82.563
17.108 -85.689
15.516 -76.726
13.823 -73.086
12.275 -68.338
12.041 -68.264
11.819 -66.783
17.316 -84.228
12.113 -77.566
12.144 -68.367
12.041 -68.265
12.069 -67.865
11.845 -66.835
11.836 -66.79
14.086 -82.539
12.022 -68.236
12.043 -68.267
11.208 -67.697
11.847 -66.832
11.835 -66.829
11.86 -66.755
16.659 -86.664
16.261 -77.472
13.485 -70.768
12.28 -68.351
12.279 -68.347
12.06 -68.273
11.845 -66.839
11.856 -66.834
14.057 -82.59
12.016 -68.23
12.242 -68.263
12.031 -68.261
11.17 -67.36
11.795 -66.794
13.733 -74.529
18.303 -82.907
12.095 -77.631
12.032 -68.741
12.044 -68.271
12.024 -68.248
11.831 -66.82
12.252 -76.994
13.633 -75.394
16.793 -77.577
12.043 -68.361
12.048 -68.269
11.848 -67.331
11.844 -66.833
11.841 -66.826
12.97 -69.038
14.05 -82.58
12.041 -68.264
16.647 -77.429
13.722 -74.263
12.451 -69.094
11.84 -69.311
11.811 -69.16
12.036 -68.262
12.045 -68.262
12.024 -67.399
11.87 -68.387
11.987 -68.331
14.056 -82.558
11.296 -68.456
12.609 -69.507
12.112 -68.803
12.047 -68.348
13.456 -71.219
14.082 -82.587
11.716 -80.662
17.646 -83.51
15.535 -75.303
11.863 -68.289
12.097 -68.347
12.033 -68.258
11.847 -66.834
11.85 -66.832
11.809 -66.817
12.747 -82.056
14.068 -82.567
16.612 -86.698
16.393 -77.515
12.009 -68.251
11.841 -66.822
11.983 -68.539
15.521 -76.148
12.277 -68.324
14.056 -82.595
11.715 -80.052
12.247 -68.28
12.04 -68.268
12.04 -68.268
11.098 -67.347
13.466 -70.396
14.064 -82.578
13.052 -83.326
11.907 -78.542
15.376 -74.076
13.738 -71.126
13.497 -70.78
12.037 -68.788
12.04 -68.756
12.039 -68.271
12.037 -68.267
12.034 -68.259
12.034 -68.259
12.23 -68.214
11.836 -66.792
12.282 -76.945
14.034 -82.731
13.464 -70.598
12.012 -68.733
11.605 -68.708
12.52 -68.469
12.031 -68.303
12.044 -68.266
12.312 -68.237
12.117 -68.215
15.417 -74.358
14.29 -72.459
12.041 -68.272
12.029 -68.238
11.044 -67.719
11.842 -66.852
11.84 -66.826
11.849 -66.825
11.847 -66.814
11.835 -66.782
13.445 -71.189
18.753 -80.937
11.786 -80.917
17.86 -83.276
12.134 -68.989
12.282 -68.75
11.843 -66.788
11.839 -66.758
17.075 -87.768
14.059 -82.602
14.057 -82.563
17.523 -83.61
15.414 -74.534
11.26 -68.176
11.872 -66.861
11.827 -66.797
11.831 -66.792
11.833 -66.791
11.895 -78.812
15.534 -75.339
12.654 -69.709
12.549 -69.37
11.825 -66.815
12.516 -69.35
12.046 -68.229
11.849 -66.827
11.845 -66.783
11.83 -66.82
11.824 -66.804
11.842 -66.775
18.797 -80.648
17.127 -77.852
16.75 -77.542
12.099 -68.43
12.043 -68.266
12.177 -68.137
11.848 -66.835
11.841 -66.832
11.84 -66.816
13.738 -75.022
13.627 -75.386
18.834 -81.127
18.447 -78.382
11.887 -68.442
12.015 -68.253
11.836 -66.836
11.842 -66.83
11.849 -66.814
11.834 -66.789
11.834 -66.785
11.83 -66.655
13.711 -74.166
13.714 -75.123
14.063 -82.588
14.059 -82.573
17.623 -78.17
13.66 -72.832
14.079 -71.869
12.051 -68.278
12.041 -68.267
12.045 -68.266
12.039 -68.24
11.837 -66.822
11.83 -66.791
11.827 -66.791
16.432 -87.511
11.834 -66.9
11.832 -66.812
11.829 -66.793
14.113 -82.627
14.103 -82.61
15.413 -74.184
14.081 -71.991
13.429 -72.235
12.043 -68.266
11.849 -66.835
11.83 -66.813
12.234 -77.107
13.35 -69.434
13.573 -72.385
17.073 -85.761
12.483 -69.193
11.813 -68.597
12.271 -68.271
11.845 -66.829
11.841 -66.808
14.012 -71.546
18.578 -79.494
18.105 -78.129
16.071 -77.426
15.051 -73.673
12.281 -68.35
12.05 -68.274
12.005 -68.271
12.037 -68.262
11.84 -66.827
11.815 -66.797
11.828 -66.791
13.724 -74.249
11.728 -67.13
14.066 -82.572
11.761 -80.835
17.945 -78.159
13.48 -70.318
14.039 -71.581
12.067 -68.915
12.034 -68.765
12.501 -68.76
12.023 -68.247
16.895 -86.122
11.752 -68.509
12.044 -68.261
12.03 -68.248
11.83 -66.804
11.845 -66.78
14.097 -82.538
13.534 -72.149
11.833 -66.826
11.841 -66.824
11.827 -66.782
13.452 -71.146
13.18 -75.948
14.067 -82.555
12.102 -68.361
12.012 -68.219
12.18 -68.137
11.819 -66.817
11.833 -66.789
11.847 -66.784
14.06 -82.444
14.059 -82.622
14.044 -82.55
14.055 -82.57
14.072 -82.574
13.944 -82.224
16.9 -86.163
15.816 -77.301
14.94 -73.567
14.829 -73.367
13.856 -73.275
13.806 -73.046
11.819 -66.796
11.819 -66.796
11.913 -66.848
11.826 -66.8
13.498 -70.412
14.048 -82.554
13.73 -75.059
11.898 -68.641
12.02 -68.253
11.88 -66.854
11.854 -66.847
11.833 -66.839
11.822 -66.781
11.796 -66.644
18.476 -78.436
12.044 -68.811
12.049 -67.677
11.848 -66.814
11.837 -66.812
12.349 -81.495
14.038 -82.557
16.192 -77.43
12.104 -68.794
12.047 -68.266
11.826 -66.789
11.836 -66.787
12.358 -68.348
13.715 -75.149
12.442 -81.503
17.316 -84.229
12.052 -67.643
11.834 -66.826
11.832 -66.818
11.826 -66.813
11.849 -66.794
12.042 -68.267
12.044 -68.265
11.829 -66.872
11.844 -66.85
11.814 -66.815
11.842 -66.81
11.672 -80.255
18.583 -79.444
13.045 -70.258
13.532 -70.842
11.714 -69.108
11.603 -69.143
11.603 -69.143
12.4 -68.943
11.858 -67.432
11.773 -67.282
11.82 -66.787
11.823 -66.78
11.628 -66.207
14.057 -82.608
11.846 -66.824
14.215 -83.097
18.786 -80.467
11.7 -68.602
14.198 -72.216
11.604 -68.703
12.045 -68.272
12.046 -68.266
12.043 -68.266
12.043 -68.266
11.812 -66.78
14.113 -82.648
13.719 -74.186
12.066 -77.73
15.605 -76.442
15.467 -74.706
11.601 -69.211
12.037 -68.877
12.288 -68.791
12.041 -68.271
12.04 -68.264
12.033 -68.26
11.827 -66.818
12.371 -68.396
13.991 -82.545
16.446 -87.109
15.546 -74.985
11.469 -68.854
11.469 -68.854
11.54 -68.377
12.039 -68.27
12.045 -68.268
12.05 -68.213
11.811 -66.8
11.82 -66.792
11.884 -66.601
12.74 -82.758
11.843 -66.794
16.775 -86.471
12.043 -68.269
12.043 -68.269
12.029 -68.25
11.846 -66.819
11.841 -66.819
11.761 -66.397
12.85 -68.926
13.703 -75.22
14.057 -71.75
12.05 -68.529
11.841 -66.833
15.519 -76.136
12.705 -82.463
11.657 -80.412
16.447 -86.961
18.466 -78.42
13.368 -70.623
14.908 -73.516
12.042 -68.261
12.033 -68.247
11.986 -68.17
11.806 -66.83
11.831 -66.814
14.072 -82.565
14.057 -82.559
12.718 -81.969
11.833 -66.789
11.862 -66.762
12.38 -76.734
14.085 -82.549
12.775 -82.542
11.814 -68.553
11.814 -68.553
12.047 -68.285
12.022 -68.254
12.031 -68.248
12.04 -67.735
11.846 -66.841
11.81 -66.819
11.849 -66.804
11.841 -66.804
17.822 -87.896
12.734 -82.012
14.324 -72.501
12.036 -68.403
12.285 -68.348
11.838 -66.825
11.828 -66.814
11.835 -66.789
13.86 -74.428
12.14 -69.01
12.253 -68.861
12.3 -68.331
11.845 -66.82
11.831 -66.789
12.738 -82.033
11.833 -67.319
11.777 -66.843
11.837 -66.814
11.841 -66.812
11.816 -66.799
11.833 -66.831
11.82 -66.828
13.733 -74.597
12.23 -81.387
14.062 -82.562
12.025 -78.037
15.543 -75.875
16.726 -86.554
12.631 -69.538
12.337 -68.371
12.032 -68.262
12.032 -68.262
11.846 -66.796
12.276 -68.341
12.168 -68.281
11.814 -68.253
11.846 -66.828
11.843 -66.826
11.759 -66.819
11.829 -66.805
11.829 -66.779
12.89 -68.978
11.872 -68.286
11.496 -68.393
11.602 -67.198
11.823 -66.845
11.835 -66.808
11.822 -66.781
12.711 -68.759
13.317 -69.346
13.219 -75.894
12.745 -82.058
12.397 -68.945
12.043 -68.7
11.767 -68.309
11.846 -66.833
11.839 -66.823
11.853 -66.822
11.832 -66.82
11.82 -66.774
13.323 -69.372
11.923 -81.078
18.609 -79.3
13.418 -70.703
12.092 -68.776
12.092 -68.776
12.328 -68.3
11.985 -67.761
11.818 -66.826
11.838 -66.826
11.834 -66.805
11.797 -66.791
17.924 -87.934
14.067 -82.567
17.383 -77.97
14.192 -72.224
12.383 -68.304
12.044 -68.27
12.041 -68.263
12.104 -68.188
14.023 -82.544
12.7 -82.365
12.444 -69.067
11.457 -68.896
12.092 -68.29
12.045 -68.266
11.828 -66.788
10.932 -67.504
11.837 -66.84
11.825 -66.798
11.805 -66.773
12.757 -82.115
12.048 -77.963
17.308 -84.487
14.218 -72.237
12.484 -69.189
12.372 -68.404
12.038 -68.258
11.821 -66.783
17.969 -83.238
13.462 -71.539
11.785 -66.999
11.833 -66.823
13.744 -73.751
13.404 -69.442
14.223 -82.768
13.733 -74.555
11.801 -80.975
16.425 -77.516
15.54 -75.402
12.099 -68.288
12.054 -68.264
11.807 -66.847
11.836 -66.808
12.609 -76.411
12.037 -68.264
10.936 -67.347
11.568 -65.685
11.798 -66.821
11.836 -66.79
13.119 -69.182
11.931 -81.081
17.316 -84.31
13.729 -74.107
14.626 -73.051
12.449 -68.805
12.415 -68.445
12.231 -68.233
12.039 -68.265
12.044 -68.262
12.049 -68.24
11.845 -66.836
11.835 -66.822
14.144 -82.604
17.551 -78.171
12.05 -68.273
12.04 -68.261
12.143 -68.158
11.82 -66.794
12.604 -68.612
14.074 -82.531
16.509 -86.845
16.814 -86.369
11.831 -66.795
11.803 -67.271
11.824 -66.823
11.831 -66.819
11.823 -66.807
11.81 -66.804
14.049 -82.546
11.697 -80.61
13.775 -73.496
12.041 -68.259
11.842 -66.824
11.807 -66.794
11.814 -66.774
11.838 -66.812
12.254 -81.391
12.587 -81.6
12.762 -82.462
14.027 -82.557
11.662 -80.27
18.557 -78.533
16.456 -77.453
11.66 -69.114
13.5 -70.159
12.466 -68.488
12.043 -68.265
12.043 -68.265
11.812 -66.852
11.822 -66.795
11.834 -66.836
18.593 -79.225
11.703 -68.812
12.013 -68.492
18.061 -83.15
18.192 -78.078
14.55 -72.931
11.855 -66.896
12.028 -68.252
11.834 -66.798
12.192 -81.34
17.708 -78.121
16.668 -77.452
11.582 -68.717
11.582 -68.717
12.056 -68.18
12.022 -67.754
11.011 -67.295
11.847 -66.841
11.85 -66.827
13.627 -72.708
13.418 -71.014
18.644 -78.808
17.069 -77.728
12.05 -69.192
12.016 -68.504
11.818 -66.807
16.176 -77.445
13.445 -70.674
13.472 -70.437
12.157 -68.823
11.787 -68.583
12.032 -68.255
11.091 -67.835
11.831 -66.792
11.829 -66.809
17.216 -87.81
13.764 -73.701
13.477 -70.403
12.859 -82.896
15.301 -73.953
14.032 -71.607
12.04 -68.395
12.061 -68.285
12.061 -68.285
12.212 -68.195
12.004 -67.45
11.846 -66.841
11.838 -66.791
11.842 -66.687
13.292 -69.325
13.264 -83.301
17.473 -78.126
11.637 -69.12
12.042 -68.264
12.042 -68.264
11.812 -68.246
11.766 -67.3
11.83 -66.814
11.836 -66.813
11.785 -66.797
13.272 -69.291
14.074 -82.52
14.052 -82.561
11.662 -80.309
16.763 -77.002
13.44 -71.165
11.475 -68.831
11.475 -68.831
12.54 -68.707
12.311 -68.367
12.041 -68.263
11.819 -66.788
11.825 -66.761
12.044 -68.265
11.092 -63.582
12.148 -81.339
11.817 -79.324
16.278 -77.422
15.419 -74.548
12.08 -68.983
11.792 -68.673
12.031 -68.265
12.031 -68.265
12.05 -68.255
12.046 -67.799
11.857 -66.837
11.831 -66.827
11.842 -66.813
13.603 -75.022
14.094 -82.566
17.1 -77.805
15.653 -76.935
12.051 -68.333
11.876 -68.285
11.869 -68.274
12.037 -68.258
11.848 -66.833
11.843 -66.83
11.821 -66.804
11.833 -66.789
11.825 -66.794
12.255 -81.358
14.153 -82.598
14.356 -81.952
17.322 -84.114
11.802 -79.718
11.831 -66.796
11.947 -67.433
11.843 -66.81
14.064 -82.547
16.134 -77.454
11.996 -67.366
11.739 -67.284
11.841 -66.837
11.824 -66.818
11.808 -66.814
11.819 -66.806
11.851 -66.723
13.312 -69.361
14.068 -82.58
12.282 -68.352
16.832 -86.315
11.712 -80.064
13.449 -70.658
11.784 -67.263
11.841 -66.84
11.843 -66.828
11.837 -66.788
14.054 -82.594
18.171 -78.14
11.714 -68.686
11.861 -68.266
11.268 -68.177
10.931 -67.299
11.823 -66.817
11.803 -66.802
14.061 -82.579
11.818 -79.555
18.291 -82.925
17.44 -78.11
15.412 -74.478
12.149 -69.047
11.884 -68.384
11.935 -68.306
11.814 -66.84
11.829 -66.817
11.812 -66.765
16.818 -86.431
13.108 -70.363
11.129 -71.552
11.481 -68.918
12.081 -68.915
12.517 -68.46
12.033 -68.269
11.848 -66.825
11.819 -66.801
11.821 -66.8
17.02 -87.759
14.322 -82.211
11.944 -81.123
18.587 -79.611
11.763 -68.352
11.077 -67.762
11.808 -66.81
11.815 -66.804
11.831 -66.798
11.831 -66.76
13.47 -70.498
13.426 -71.087
12.656 -69.683
12.036 -68.266
12.028 -68.253
12.029 -67.739
13.044 -70.255
12.044 -68.826
12.322 -68.37
12.28 -68.175
11.851 -66.833
11.826 -66.827
13.278 -69.321
18.819 -81.083
14.976 -73.606
12.039 -68.265
11.845 -66.824
11.808 -66.779
12.911 -68.991
14.064 -82.607
17.842 -78.16
11.803 -68.764
12.269 -66.246
14.062 -82.586
15.327 -73.995
14.721 -73.154
12.134 -68.722
12.278 -68.359
12.395 -67.847
11.831 -66.803
11.83 -66.794
14.087 -82.378
17.314 -84.877
17.32 -84.288
15.522 -75.28
11.713 -69.108
14.234 -72.272
12.466 -69.234
11.96 -68.833
11.558 -68.382
11.312 -68.334
12.019 -68.231
11.844 -66.839
11.844 -66.829
17.885 -87.915
13.601 -72.638
11.994 -68.455
12.281 -68.345
11.918 -66.841
11.846 -66.837
11.842 -66.83
11.849 -66.829
11.794 -66.803
11.831 -66.783
17.724 -87.864
12.017 -81.191
17.267 -85
16.83 -77.598
13.421 -70.858
12.392 -68.368
11.784 -68.317
11.847 -66.86
11.845 -66.843
11.835 -66.818
11.844 -68.641
12.496 -76.562
16.814 -86.388
15.551 -74.841
11.838 -69.153
12.755 -70.021
12.073 -68.426
12.028 -68.246
12.028 -68.246
11.846 -66.831
11.832 -66.788
11.897 -66.72
14.064 -82.562
12.262 -77.067
11.827 -66.795
10.924 -67.421
12.272 -76.994
11.789 -79.732
11.819 -68.762
11.764 -68.51
11.496 -68.434
12.279 -68.348
11.83 -66.796
11.084 -67.815
10.952 -67.569
11.92 -67.291
11.842 -66.831
11.821 -66.781
12.764 -82.236
17.772 -78.027
12.68 -69.891
11.844 -66.832
12.066 -68.284
17.305 -84.512
13.358 -70.615
12.039 -68.264
11.866 -67.372
11.83 -66.867
13.705 -75.207
13.946 -83.174
14.102 -82.601
12.995 -76.088
14.069 -82.572
14.032 -82.562
12.602 -81.664
12.626 -76.381
15.548 -75.46
12.454 -69.126
12.289 -68.332
12.039 -68.265
11.831 -66.807
11.823 -66.775
12.076 -68.764
11.418 -68.405
12.267 -68.356
12.053 -68.225
12.046 -68.267
12.028 -68.255
11.99 -68.253
11.969 -67.497
11.845 -66.809
11.826 -66.796
11.821 -66.795
11.833 -66.786
18.143 -78.125
16.422 -77.517
12.216 -77.202
15.545 -76.72
14.739 -73.159
14.15 -72.177
11.809 -68.289
11.671 -68.401
11.838 -66.82
11.828 -66.813
11.826 -66.79
12.045 -68.811
14.039 -82.708
14.103 -82.849
12.61 -81.719
18.611 -79.083
12.664 -69.649
11.822 -79.502
13.275 -70.531
12.03 -68.233
12.085 -68.228
12.257 -68.312
12.036 -68.265
12.017 -67.564
12.378 -81.509
14.074 -82.569
11.779 -79.775
14.039 -71.58
12.614 -68.574
11.827 -66.795
17.114 -87.802
19.246 -80.318
17.394 -83.812
15.681 -76.934
15.5 -76.577
12.042 -68.264
10.938 -67.549
11.848 -66.84
13.585 -82.992
14.305 -82.919
15.529 -76.732
11.926 -68.344
11.809 -66.815
11.828 -66.794
11.835 -66.783
11.836 -66.761
12.299 -76.89
14.103 -82.581
11.725 -80.018
11.799 -79.412
16.86 -86.247
14.787 -73.244
12.403 -68.365
12.027 -68.252
12.026 -68.243
11.851 -66.83
11.818 -66.793
13.487 -70.463
13.471 -75.641
11.821 -66.801
11.835 -66.82
14.069 -82.594
12.046 -68.29
11.844 -66.805
13.48 -70.315
16.407 -77.523
11.925 -67.164
11.839 -66.833
11.846 -66.829
12.865 -82.901
18.843 -80.966
13.122 -69.169
13.373 -75.672
14.042 -82.557
17.077 -77.781
12.565 -68.69
10.94 -67.558
11.837 -67.327
11.827 -66.806
12.445 -76.625
13.466 -71.289
14.069 -82.58
13.447 -71.921
12.414 -68.389
11.852 -68.253
12.677 -76.33
14.029 -82.613
18.183 -78.12
14.36 -72.474
12.062 -68.404
12.261 -68.327
12.068 -68.282
11.926 -67.438
11.835 -66.818
11.815 -66.806
15.521 -76.411
16.828 -87.725
18.228 -82.963
18.005 -78.131
14.075 -82.543
13.947 -82.239
15.552 -75.381
13.517 -70.761
14.009 -71.502
11.847 -66.833
11.835 -66.818
11.847 -66.816
11.833 -66.805
13.072 -69.122
12.651 -69.735
13.544 -75.577
12.119 -81.283
16.779 -86.457
13.638 -70.95
11.96 -68.399
11.926 -66.914
11.906 -68.115
11.206 -67.382
11.826 -66.829
11.804 -66.798
11.846 -66.794
17.022 -85.821
12.039 -68.266
12.048 -68.264
12.048 -68.264
12.021 -67.608
11.836 -66.794
11.834 -66.793
12.713 -82.676
14.228 -72.258
11.764 -68.267
11.83 -66.813
17.185 -85.26
13.461 -71.517
12.039 -68.262
17.263 -84.984
16.064 -77.408
11.825 -66.813
13.348 -75.77
11.972 -81.169
11.945 -78.331
12.665 -69.83
12.079 -68.438
12.044 -68.266
11.426 -67.244
11.838 -66.819
11.843 -66.816
11.833 -66.793
11.741 -68.467
12.95 -69.018
15.564 -74.895
11.823 -68.562
12.278 -68.34
12.043 -68.265
12.043 -68.265
12.043 -68.265
11.848 -66.837
12.678 -68.57
16.954 -85.965
12.273 -68.253
11.26 -68.137
11.825 -66.806
11.829 -66.794
12.891 -76.141
14.053 -82.558
14.058 -82.567
12.636 -81.682
13.008 -76.077
11.861 -78.97
16.742 -77.529
14.106 -72.092
11.48 -68.786
11.995 -68.247
11.844 -66.824
11.849 -66.823
12.338 -76.813
13.696 -75.199
14.064 -82.541
18.588 -79.403
12.09 -77.679
12.148 -69.011
11.98 -69.217
12.097 -68.738
13.625 -72.661
11.829 -66.794
13.704 -73.893
14.063 -82.574
11.808 -66.865
11.824 -66.836
11.841 -66.817
11.828 -66.811
11.831 -66.807
11.834 -66.782
12.237 -68.841
11.528 -68.337
12.267 -68.316
12.045 -68.219
12.045 -68.219
13.027 -69.361
12.112 -77.501
16.62 -86.709
12.449 -69.105
12.334 -68.27
11.81 -66.825
11.805 -66.816
11.829 -66.792
13.063 -76.036
16.442 -87.092
17.996 -78.154
16.43 -77.537
16.387 -77.528
12.259 -68.463
11.859 -68.285
12.203 -68.208
11.722 -67.266
11.828 -66.816
11.826 -66.813
11.827 -66.803
11.803 -66.799
11.834 -66.792
11.836 -66.788
12.607 -68.639
13.271 -75.775
12.883 -82.904
15.813 -77.21
14.136 -72.165
13.485 -72.122
11.792 -68.376
12.039 -68.265
12.039 -68.265
11.164 -67.357
11.828 -66.806
14.057 -82.57
12.302 -68.504
11.813 -66.815
11.833 -66.791
14.063 -82.588
15.327 -74.009
14.234 -72.241
14.093 -72.049
12.097 -68.738
12.564 -68.687
11.532 -68.37
12.05 -68.257
12.018 -68.245
11.851 -66.812
11.802 -66.763
14.06 -82.565
15.524 -76.439
18.183 -78.112
12.032 -68.366
11.963 -68.295
11.358 -68.099
13.299 -75.803
16.324 -77.431
13.458 -72.051
14.064 -71.734
12.045 -68.264
10.966 -67.62
11.85 -66.833
11.864 -66.833
11.825 -66.82
11.826 -66.771
11.809 -66.809
11.828 -66.803
12.048 -87.993
13.14317 -87.90183
13.16815 -87.8918
13.13375 -87.91619
13.24709 -87.96074
13.02406 -87.84448
12.80789 -87.53567
12.65503 -87.40213
12.51313 -87.23306
12.32509 -87.09892
12.28618 -87.08879
12.29277 -87.02525
12.13636 -86.94056
11.89812 -86.62699
11.35479 -86.51137
11.165 -86.23443
11.01371 -86.01813
10.69834 -86.05517
10.65887 -85.8694
10.71969 -85.68042
10.6659 -85.66829
11.66987 -86.34916
11.826 -66.791
11.847 -66.833
12.099 -67.852
12.278 -68.328
11.763 -67.206
11.755 -67.205
14.074 -82.596
11.82 -66.838
12.097 -87.935
11.835 -66.837
11.838 -66.834
12.018 -88.128
11.38 -86.083
11.238 -85.873
12.038 -88.019
13.313 -89.546
13.313 -89.546
11.969 -87.989
12.032 -88.074
12.835 -88.773
11.416 -86.038
